*vertices 1000
1 0 0.0 0.0 ellipse
2 1 0.0 0.0 ellipse
3 2 0.0 0.0 ellipse
4 3 0.0 0.0 ellipse
5 4 0.0 0.0 ellipse
6 6 0.0 0.0 ellipse
7 7 0.0 0.0 ellipse
8 8 0.0 0.0 ellipse
9 5 0.0 0.0 ellipse
10 9 0.0 0.0 ellipse
11 11 0.0 0.0 ellipse
12 12 0.0 0.0 ellipse
13 13 0.0 0.0 ellipse
14 14 0.0 0.0 ellipse
15 15 0.0 0.0 ellipse
16 16 0.0 0.0 ellipse
17 17 0.0 0.0 ellipse
18 18 0.0 0.0 ellipse
19 19 0.0 0.0 ellipse
20 20 0.0 0.0 ellipse
21 21 0.0 0.0 ellipse
22 22 0.0 0.0 ellipse
23 23 0.0 0.0 ellipse
24 24 0.0 0.0 ellipse
25 10 0.0 0.0 ellipse
26 25 0.0 0.0 ellipse
27 27 0.0 0.0 ellipse
28 28 0.0 0.0 ellipse
29 29 0.0 0.0 ellipse
30 30 0.0 0.0 ellipse
31 31 0.0 0.0 ellipse
32 32 0.0 0.0 ellipse
33 33 0.0 0.0 ellipse
34 34 0.0 0.0 ellipse
35 35 0.0 0.0 ellipse
36 36 0.0 0.0 ellipse
37 37 0.0 0.0 ellipse
38 38 0.0 0.0 ellipse
39 39 0.0 0.0 ellipse
40 40 0.0 0.0 ellipse
41 41 0.0 0.0 ellipse
42 42 0.0 0.0 ellipse
43 43 0.0 0.0 ellipse
44 44 0.0 0.0 ellipse
45 45 0.0 0.0 ellipse
46 46 0.0 0.0 ellipse
47 47 0.0 0.0 ellipse
48 48 0.0 0.0 ellipse
49 49 0.0 0.0 ellipse
50 50 0.0 0.0 ellipse
51 51 0.0 0.0 ellipse
52 52 0.0 0.0 ellipse
53 53 0.0 0.0 ellipse
54 54 0.0 0.0 ellipse
55 55 0.0 0.0 ellipse
56 56 0.0 0.0 ellipse
57 57 0.0 0.0 ellipse
58 58 0.0 0.0 ellipse
59 59 0.0 0.0 ellipse
60 60 0.0 0.0 ellipse
61 61 0.0 0.0 ellipse
62 62 0.0 0.0 ellipse
63 63 0.0 0.0 ellipse
64 64 0.0 0.0 ellipse
65 65 0.0 0.0 ellipse
66 66 0.0 0.0 ellipse
67 67 0.0 0.0 ellipse
68 68 0.0 0.0 ellipse
69 69 0.0 0.0 ellipse
70 70 0.0 0.0 ellipse
71 71 0.0 0.0 ellipse
72 72 0.0 0.0 ellipse
73 73 0.0 0.0 ellipse
74 74 0.0 0.0 ellipse
75 75 0.0 0.0 ellipse
76 76 0.0 0.0 ellipse
77 77 0.0 0.0 ellipse
78 78 0.0 0.0 ellipse
79 79 0.0 0.0 ellipse
80 80 0.0 0.0 ellipse
81 81 0.0 0.0 ellipse
82 82 0.0 0.0 ellipse
83 83 0.0 0.0 ellipse
84 84 0.0 0.0 ellipse
85 85 0.0 0.0 ellipse
86 86 0.0 0.0 ellipse
87 87 0.0 0.0 ellipse
88 88 0.0 0.0 ellipse
89 89 0.0 0.0 ellipse
90 90 0.0 0.0 ellipse
91 91 0.0 0.0 ellipse
92 92 0.0 0.0 ellipse
93 93 0.0 0.0 ellipse
94 94 0.0 0.0 ellipse
95 95 0.0 0.0 ellipse
96 96 0.0 0.0 ellipse
97 97 0.0 0.0 ellipse
98 98 0.0 0.0 ellipse
99 99 0.0 0.0 ellipse
100 100 0.0 0.0 ellipse
101 101 0.0 0.0 ellipse
102 102 0.0 0.0 ellipse
103 103 0.0 0.0 ellipse
104 104 0.0 0.0 ellipse
105 105 0.0 0.0 ellipse
106 106 0.0 0.0 ellipse
107 107 0.0 0.0 ellipse
108 108 0.0 0.0 ellipse
109 109 0.0 0.0 ellipse
110 110 0.0 0.0 ellipse
111 111 0.0 0.0 ellipse
112 112 0.0 0.0 ellipse
113 113 0.0 0.0 ellipse
114 114 0.0 0.0 ellipse
115 115 0.0 0.0 ellipse
116 116 0.0 0.0 ellipse
117 117 0.0 0.0 ellipse
118 118 0.0 0.0 ellipse
119 119 0.0 0.0 ellipse
120 120 0.0 0.0 ellipse
121 121 0.0 0.0 ellipse
122 122 0.0 0.0 ellipse
123 123 0.0 0.0 ellipse
124 124 0.0 0.0 ellipse
125 125 0.0 0.0 ellipse
126 126 0.0 0.0 ellipse
127 127 0.0 0.0 ellipse
128 128 0.0 0.0 ellipse
129 129 0.0 0.0 ellipse
130 130 0.0 0.0 ellipse
131 131 0.0 0.0 ellipse
132 132 0.0 0.0 ellipse
133 133 0.0 0.0 ellipse
134 134 0.0 0.0 ellipse
135 135 0.0 0.0 ellipse
136 136 0.0 0.0 ellipse
137 137 0.0 0.0 ellipse
138 138 0.0 0.0 ellipse
139 139 0.0 0.0 ellipse
140 140 0.0 0.0 ellipse
141 141 0.0 0.0 ellipse
142 142 0.0 0.0 ellipse
143 143 0.0 0.0 ellipse
144 144 0.0 0.0 ellipse
145 145 0.0 0.0 ellipse
146 146 0.0 0.0 ellipse
147 147 0.0 0.0 ellipse
148 148 0.0 0.0 ellipse
149 149 0.0 0.0 ellipse
150 150 0.0 0.0 ellipse
151 151 0.0 0.0 ellipse
152 152 0.0 0.0 ellipse
153 153 0.0 0.0 ellipse
154 154 0.0 0.0 ellipse
155 155 0.0 0.0 ellipse
156 156 0.0 0.0 ellipse
157 157 0.0 0.0 ellipse
158 158 0.0 0.0 ellipse
159 159 0.0 0.0 ellipse
160 160 0.0 0.0 ellipse
161 161 0.0 0.0 ellipse
162 162 0.0 0.0 ellipse
163 163 0.0 0.0 ellipse
164 164 0.0 0.0 ellipse
165 165 0.0 0.0 ellipse
166 166 0.0 0.0 ellipse
167 167 0.0 0.0 ellipse
168 168 0.0 0.0 ellipse
169 169 0.0 0.0 ellipse
170 170 0.0 0.0 ellipse
171 171 0.0 0.0 ellipse
172 172 0.0 0.0 ellipse
173 173 0.0 0.0 ellipse
174 174 0.0 0.0 ellipse
175 175 0.0 0.0 ellipse
176 176 0.0 0.0 ellipse
177 177 0.0 0.0 ellipse
178 178 0.0 0.0 ellipse
179 179 0.0 0.0 ellipse
180 180 0.0 0.0 ellipse
181 181 0.0 0.0 ellipse
182 182 0.0 0.0 ellipse
183 183 0.0 0.0 ellipse
184 184 0.0 0.0 ellipse
185 185 0.0 0.0 ellipse
186 186 0.0 0.0 ellipse
187 187 0.0 0.0 ellipse
188 188 0.0 0.0 ellipse
189 189 0.0 0.0 ellipse
190 190 0.0 0.0 ellipse
191 191 0.0 0.0 ellipse
192 192 0.0 0.0 ellipse
193 193 0.0 0.0 ellipse
194 194 0.0 0.0 ellipse
195 195 0.0 0.0 ellipse
196 196 0.0 0.0 ellipse
197 197 0.0 0.0 ellipse
198 198 0.0 0.0 ellipse
199 199 0.0 0.0 ellipse
200 200 0.0 0.0 ellipse
201 201 0.0 0.0 ellipse
202 202 0.0 0.0 ellipse
203 203 0.0 0.0 ellipse
204 204 0.0 0.0 ellipse
205 205 0.0 0.0 ellipse
206 206 0.0 0.0 ellipse
207 207 0.0 0.0 ellipse
208 208 0.0 0.0 ellipse
209 209 0.0 0.0 ellipse
210 210 0.0 0.0 ellipse
211 211 0.0 0.0 ellipse
212 212 0.0 0.0 ellipse
213 213 0.0 0.0 ellipse
214 214 0.0 0.0 ellipse
215 215 0.0 0.0 ellipse
216 216 0.0 0.0 ellipse
217 217 0.0 0.0 ellipse
218 218 0.0 0.0 ellipse
219 219 0.0 0.0 ellipse
220 220 0.0 0.0 ellipse
221 221 0.0 0.0 ellipse
222 222 0.0 0.0 ellipse
223 223 0.0 0.0 ellipse
224 224 0.0 0.0 ellipse
225 225 0.0 0.0 ellipse
226 226 0.0 0.0 ellipse
227 227 0.0 0.0 ellipse
228 228 0.0 0.0 ellipse
229 229 0.0 0.0 ellipse
230 230 0.0 0.0 ellipse
231 231 0.0 0.0 ellipse
232 232 0.0 0.0 ellipse
233 233 0.0 0.0 ellipse
234 234 0.0 0.0 ellipse
235 235 0.0 0.0 ellipse
236 236 0.0 0.0 ellipse
237 237 0.0 0.0 ellipse
238 238 0.0 0.0 ellipse
239 239 0.0 0.0 ellipse
240 240 0.0 0.0 ellipse
241 241 0.0 0.0 ellipse
242 242 0.0 0.0 ellipse
243 243 0.0 0.0 ellipse
244 244 0.0 0.0 ellipse
245 245 0.0 0.0 ellipse
246 246 0.0 0.0 ellipse
247 247 0.0 0.0 ellipse
248 248 0.0 0.0 ellipse
249 249 0.0 0.0 ellipse
250 250 0.0 0.0 ellipse
251 251 0.0 0.0 ellipse
252 252 0.0 0.0 ellipse
253 253 0.0 0.0 ellipse
254 254 0.0 0.0 ellipse
255 255 0.0 0.0 ellipse
256 256 0.0 0.0 ellipse
257 26 0.0 0.0 ellipse
258 257 0.0 0.0 ellipse
259 259 0.0 0.0 ellipse
260 260 0.0 0.0 ellipse
261 261 0.0 0.0 ellipse
262 262 0.0 0.0 ellipse
263 263 0.0 0.0 ellipse
264 264 0.0 0.0 ellipse
265 265 0.0 0.0 ellipse
266 266 0.0 0.0 ellipse
267 267 0.0 0.0 ellipse
268 268 0.0 0.0 ellipse
269 269 0.0 0.0 ellipse
270 270 0.0 0.0 ellipse
271 271 0.0 0.0 ellipse
272 272 0.0 0.0 ellipse
273 273 0.0 0.0 ellipse
274 274 0.0 0.0 ellipse
275 275 0.0 0.0 ellipse
276 276 0.0 0.0 ellipse
277 277 0.0 0.0 ellipse
278 278 0.0 0.0 ellipse
279 279 0.0 0.0 ellipse
280 280 0.0 0.0 ellipse
281 281 0.0 0.0 ellipse
282 282 0.0 0.0 ellipse
283 283 0.0 0.0 ellipse
284 284 0.0 0.0 ellipse
285 285 0.0 0.0 ellipse
286 286 0.0 0.0 ellipse
287 287 0.0 0.0 ellipse
288 288 0.0 0.0 ellipse
289 289 0.0 0.0 ellipse
290 290 0.0 0.0 ellipse
291 291 0.0 0.0 ellipse
292 292 0.0 0.0 ellipse
293 293 0.0 0.0 ellipse
294 294 0.0 0.0 ellipse
295 295 0.0 0.0 ellipse
296 296 0.0 0.0 ellipse
297 297 0.0 0.0 ellipse
298 298 0.0 0.0 ellipse
299 299 0.0 0.0 ellipse
300 300 0.0 0.0 ellipse
301 301 0.0 0.0 ellipse
302 302 0.0 0.0 ellipse
303 303 0.0 0.0 ellipse
304 304 0.0 0.0 ellipse
305 305 0.0 0.0 ellipse
306 306 0.0 0.0 ellipse
307 307 0.0 0.0 ellipse
308 308 0.0 0.0 ellipse
309 309 0.0 0.0 ellipse
310 310 0.0 0.0 ellipse
311 311 0.0 0.0 ellipse
312 312 0.0 0.0 ellipse
313 313 0.0 0.0 ellipse
314 314 0.0 0.0 ellipse
315 315 0.0 0.0 ellipse
316 316 0.0 0.0 ellipse
317 317 0.0 0.0 ellipse
318 318 0.0 0.0 ellipse
319 319 0.0 0.0 ellipse
320 320 0.0 0.0 ellipse
321 321 0.0 0.0 ellipse
322 322 0.0 0.0 ellipse
323 323 0.0 0.0 ellipse
324 324 0.0 0.0 ellipse
325 325 0.0 0.0 ellipse
326 326 0.0 0.0 ellipse
327 327 0.0 0.0 ellipse
328 328 0.0 0.0 ellipse
329 329 0.0 0.0 ellipse
330 330 0.0 0.0 ellipse
331 331 0.0 0.0 ellipse
332 332 0.0 0.0 ellipse
333 333 0.0 0.0 ellipse
334 334 0.0 0.0 ellipse
335 335 0.0 0.0 ellipse
336 336 0.0 0.0 ellipse
337 337 0.0 0.0 ellipse
338 338 0.0 0.0 ellipse
339 339 0.0 0.0 ellipse
340 340 0.0 0.0 ellipse
341 341 0.0 0.0 ellipse
342 342 0.0 0.0 ellipse
343 343 0.0 0.0 ellipse
344 344 0.0 0.0 ellipse
345 345 0.0 0.0 ellipse
346 346 0.0 0.0 ellipse
347 347 0.0 0.0 ellipse
348 348 0.0 0.0 ellipse
349 349 0.0 0.0 ellipse
350 350 0.0 0.0 ellipse
351 351 0.0 0.0 ellipse
352 352 0.0 0.0 ellipse
353 353 0.0 0.0 ellipse
354 354 0.0 0.0 ellipse
355 355 0.0 0.0 ellipse
356 356 0.0 0.0 ellipse
357 357 0.0 0.0 ellipse
358 358 0.0 0.0 ellipse
359 359 0.0 0.0 ellipse
360 360 0.0 0.0 ellipse
361 361 0.0 0.0 ellipse
362 362 0.0 0.0 ellipse
363 363 0.0 0.0 ellipse
364 364 0.0 0.0 ellipse
365 365 0.0 0.0 ellipse
366 366 0.0 0.0 ellipse
367 367 0.0 0.0 ellipse
368 368 0.0 0.0 ellipse
369 369 0.0 0.0 ellipse
370 370 0.0 0.0 ellipse
371 371 0.0 0.0 ellipse
372 372 0.0 0.0 ellipse
373 373 0.0 0.0 ellipse
374 374 0.0 0.0 ellipse
375 375 0.0 0.0 ellipse
376 376 0.0 0.0 ellipse
377 377 0.0 0.0 ellipse
378 378 0.0 0.0 ellipse
379 379 0.0 0.0 ellipse
380 380 0.0 0.0 ellipse
381 381 0.0 0.0 ellipse
382 382 0.0 0.0 ellipse
383 383 0.0 0.0 ellipse
384 384 0.0 0.0 ellipse
385 385 0.0 0.0 ellipse
386 386 0.0 0.0 ellipse
387 387 0.0 0.0 ellipse
388 388 0.0 0.0 ellipse
389 389 0.0 0.0 ellipse
390 390 0.0 0.0 ellipse
391 391 0.0 0.0 ellipse
392 392 0.0 0.0 ellipse
393 393 0.0 0.0 ellipse
394 394 0.0 0.0 ellipse
395 395 0.0 0.0 ellipse
396 396 0.0 0.0 ellipse
397 397 0.0 0.0 ellipse
398 398 0.0 0.0 ellipse
399 399 0.0 0.0 ellipse
400 400 0.0 0.0 ellipse
401 401 0.0 0.0 ellipse
402 402 0.0 0.0 ellipse
403 403 0.0 0.0 ellipse
404 404 0.0 0.0 ellipse
405 405 0.0 0.0 ellipse
406 406 0.0 0.0 ellipse
407 407 0.0 0.0 ellipse
408 408 0.0 0.0 ellipse
409 409 0.0 0.0 ellipse
410 410 0.0 0.0 ellipse
411 411 0.0 0.0 ellipse
412 412 0.0 0.0 ellipse
413 413 0.0 0.0 ellipse
414 414 0.0 0.0 ellipse
415 415 0.0 0.0 ellipse
416 416 0.0 0.0 ellipse
417 417 0.0 0.0 ellipse
418 418 0.0 0.0 ellipse
419 419 0.0 0.0 ellipse
420 420 0.0 0.0 ellipse
421 421 0.0 0.0 ellipse
422 422 0.0 0.0 ellipse
423 423 0.0 0.0 ellipse
424 424 0.0 0.0 ellipse
425 425 0.0 0.0 ellipse
426 426 0.0 0.0 ellipse
427 427 0.0 0.0 ellipse
428 428 0.0 0.0 ellipse
429 429 0.0 0.0 ellipse
430 430 0.0 0.0 ellipse
431 431 0.0 0.0 ellipse
432 432 0.0 0.0 ellipse
433 433 0.0 0.0 ellipse
434 434 0.0 0.0 ellipse
435 435 0.0 0.0 ellipse
436 436 0.0 0.0 ellipse
437 437 0.0 0.0 ellipse
438 438 0.0 0.0 ellipse
439 439 0.0 0.0 ellipse
440 440 0.0 0.0 ellipse
441 441 0.0 0.0 ellipse
442 442 0.0 0.0 ellipse
443 443 0.0 0.0 ellipse
444 444 0.0 0.0 ellipse
445 445 0.0 0.0 ellipse
446 446 0.0 0.0 ellipse
447 447 0.0 0.0 ellipse
448 448 0.0 0.0 ellipse
449 449 0.0 0.0 ellipse
450 450 0.0 0.0 ellipse
451 451 0.0 0.0 ellipse
452 452 0.0 0.0 ellipse
453 453 0.0 0.0 ellipse
454 454 0.0 0.0 ellipse
455 455 0.0 0.0 ellipse
456 456 0.0 0.0 ellipse
457 457 0.0 0.0 ellipse
458 458 0.0 0.0 ellipse
459 459 0.0 0.0 ellipse
460 460 0.0 0.0 ellipse
461 461 0.0 0.0 ellipse
462 462 0.0 0.0 ellipse
463 463 0.0 0.0 ellipse
464 464 0.0 0.0 ellipse
465 465 0.0 0.0 ellipse
466 466 0.0 0.0 ellipse
467 467 0.0 0.0 ellipse
468 468 0.0 0.0 ellipse
469 469 0.0 0.0 ellipse
470 470 0.0 0.0 ellipse
471 471 0.0 0.0 ellipse
472 472 0.0 0.0 ellipse
473 473 0.0 0.0 ellipse
474 474 0.0 0.0 ellipse
475 475 0.0 0.0 ellipse
476 476 0.0 0.0 ellipse
477 477 0.0 0.0 ellipse
478 478 0.0 0.0 ellipse
479 479 0.0 0.0 ellipse
480 480 0.0 0.0 ellipse
481 481 0.0 0.0 ellipse
482 482 0.0 0.0 ellipse
483 483 0.0 0.0 ellipse
484 484 0.0 0.0 ellipse
485 485 0.0 0.0 ellipse
486 486 0.0 0.0 ellipse
487 487 0.0 0.0 ellipse
488 488 0.0 0.0 ellipse
489 489 0.0 0.0 ellipse
490 490 0.0 0.0 ellipse
491 491 0.0 0.0 ellipse
492 492 0.0 0.0 ellipse
493 493 0.0 0.0 ellipse
494 494 0.0 0.0 ellipse
495 495 0.0 0.0 ellipse
496 496 0.0 0.0 ellipse
497 497 0.0 0.0 ellipse
498 498 0.0 0.0 ellipse
499 499 0.0 0.0 ellipse
500 500 0.0 0.0 ellipse
501 501 0.0 0.0 ellipse
502 502 0.0 0.0 ellipse
503 503 0.0 0.0 ellipse
504 504 0.0 0.0 ellipse
505 505 0.0 0.0 ellipse
506 506 0.0 0.0 ellipse
507 507 0.0 0.0 ellipse
508 508 0.0 0.0 ellipse
509 509 0.0 0.0 ellipse
510 510 0.0 0.0 ellipse
511 511 0.0 0.0 ellipse
512 512 0.0 0.0 ellipse
513 513 0.0 0.0 ellipse
514 514 0.0 0.0 ellipse
515 515 0.0 0.0 ellipse
516 516 0.0 0.0 ellipse
517 517 0.0 0.0 ellipse
518 518 0.0 0.0 ellipse
519 519 0.0 0.0 ellipse
520 520 0.0 0.0 ellipse
521 521 0.0 0.0 ellipse
522 522 0.0 0.0 ellipse
523 523 0.0 0.0 ellipse
524 524 0.0 0.0 ellipse
525 525 0.0 0.0 ellipse
526 526 0.0 0.0 ellipse
527 527 0.0 0.0 ellipse
528 528 0.0 0.0 ellipse
529 529 0.0 0.0 ellipse
530 530 0.0 0.0 ellipse
531 531 0.0 0.0 ellipse
532 532 0.0 0.0 ellipse
533 533 0.0 0.0 ellipse
534 534 0.0 0.0 ellipse
535 535 0.0 0.0 ellipse
536 536 0.0 0.0 ellipse
537 537 0.0 0.0 ellipse
538 538 0.0 0.0 ellipse
539 539 0.0 0.0 ellipse
540 540 0.0 0.0 ellipse
541 541 0.0 0.0 ellipse
542 542 0.0 0.0 ellipse
543 543 0.0 0.0 ellipse
544 544 0.0 0.0 ellipse
545 545 0.0 0.0 ellipse
546 546 0.0 0.0 ellipse
547 547 0.0 0.0 ellipse
548 548 0.0 0.0 ellipse
549 549 0.0 0.0 ellipse
550 550 0.0 0.0 ellipse
551 551 0.0 0.0 ellipse
552 552 0.0 0.0 ellipse
553 553 0.0 0.0 ellipse
554 554 0.0 0.0 ellipse
555 555 0.0 0.0 ellipse
556 556 0.0 0.0 ellipse
557 557 0.0 0.0 ellipse
558 558 0.0 0.0 ellipse
559 559 0.0 0.0 ellipse
560 560 0.0 0.0 ellipse
561 561 0.0 0.0 ellipse
562 562 0.0 0.0 ellipse
563 563 0.0 0.0 ellipse
564 564 0.0 0.0 ellipse
565 565 0.0 0.0 ellipse
566 566 0.0 0.0 ellipse
567 567 0.0 0.0 ellipse
568 568 0.0 0.0 ellipse
569 569 0.0 0.0 ellipse
570 570 0.0 0.0 ellipse
571 571 0.0 0.0 ellipse
572 572 0.0 0.0 ellipse
573 573 0.0 0.0 ellipse
574 574 0.0 0.0 ellipse
575 575 0.0 0.0 ellipse
576 576 0.0 0.0 ellipse
577 577 0.0 0.0 ellipse
578 578 0.0 0.0 ellipse
579 579 0.0 0.0 ellipse
580 580 0.0 0.0 ellipse
581 581 0.0 0.0 ellipse
582 582 0.0 0.0 ellipse
583 583 0.0 0.0 ellipse
584 584 0.0 0.0 ellipse
585 585 0.0 0.0 ellipse
586 586 0.0 0.0 ellipse
587 587 0.0 0.0 ellipse
588 588 0.0 0.0 ellipse
589 589 0.0 0.0 ellipse
590 590 0.0 0.0 ellipse
591 591 0.0 0.0 ellipse
592 592 0.0 0.0 ellipse
593 593 0.0 0.0 ellipse
594 594 0.0 0.0 ellipse
595 595 0.0 0.0 ellipse
596 596 0.0 0.0 ellipse
597 597 0.0 0.0 ellipse
598 598 0.0 0.0 ellipse
599 599 0.0 0.0 ellipse
600 600 0.0 0.0 ellipse
601 601 0.0 0.0 ellipse
602 602 0.0 0.0 ellipse
603 603 0.0 0.0 ellipse
604 604 0.0 0.0 ellipse
605 605 0.0 0.0 ellipse
606 606 0.0 0.0 ellipse
607 607 0.0 0.0 ellipse
608 608 0.0 0.0 ellipse
609 609 0.0 0.0 ellipse
610 610 0.0 0.0 ellipse
611 611 0.0 0.0 ellipse
612 612 0.0 0.0 ellipse
613 613 0.0 0.0 ellipse
614 614 0.0 0.0 ellipse
615 615 0.0 0.0 ellipse
616 616 0.0 0.0 ellipse
617 617 0.0 0.0 ellipse
618 618 0.0 0.0 ellipse
619 619 0.0 0.0 ellipse
620 620 0.0 0.0 ellipse
621 621 0.0 0.0 ellipse
622 622 0.0 0.0 ellipse
623 623 0.0 0.0 ellipse
624 624 0.0 0.0 ellipse
625 625 0.0 0.0 ellipse
626 626 0.0 0.0 ellipse
627 627 0.0 0.0 ellipse
628 628 0.0 0.0 ellipse
629 629 0.0 0.0 ellipse
630 630 0.0 0.0 ellipse
631 631 0.0 0.0 ellipse
632 632 0.0 0.0 ellipse
633 633 0.0 0.0 ellipse
634 634 0.0 0.0 ellipse
635 635 0.0 0.0 ellipse
636 636 0.0 0.0 ellipse
637 637 0.0 0.0 ellipse
638 638 0.0 0.0 ellipse
639 639 0.0 0.0 ellipse
640 640 0.0 0.0 ellipse
641 641 0.0 0.0 ellipse
642 642 0.0 0.0 ellipse
643 643 0.0 0.0 ellipse
644 644 0.0 0.0 ellipse
645 645 0.0 0.0 ellipse
646 646 0.0 0.0 ellipse
647 647 0.0 0.0 ellipse
648 648 0.0 0.0 ellipse
649 649 0.0 0.0 ellipse
650 650 0.0 0.0 ellipse
651 651 0.0 0.0 ellipse
652 652 0.0 0.0 ellipse
653 653 0.0 0.0 ellipse
654 654 0.0 0.0 ellipse
655 655 0.0 0.0 ellipse
656 656 0.0 0.0 ellipse
657 657 0.0 0.0 ellipse
658 658 0.0 0.0 ellipse
659 659 0.0 0.0 ellipse
660 660 0.0 0.0 ellipse
661 661 0.0 0.0 ellipse
662 662 0.0 0.0 ellipse
663 663 0.0 0.0 ellipse
664 664 0.0 0.0 ellipse
665 665 0.0 0.0 ellipse
666 666 0.0 0.0 ellipse
667 667 0.0 0.0 ellipse
668 668 0.0 0.0 ellipse
669 669 0.0 0.0 ellipse
670 670 0.0 0.0 ellipse
671 671 0.0 0.0 ellipse
672 672 0.0 0.0 ellipse
673 673 0.0 0.0 ellipse
674 674 0.0 0.0 ellipse
675 675 0.0 0.0 ellipse
676 676 0.0 0.0 ellipse
677 677 0.0 0.0 ellipse
678 678 0.0 0.0 ellipse
679 679 0.0 0.0 ellipse
680 680 0.0 0.0 ellipse
681 681 0.0 0.0 ellipse
682 682 0.0 0.0 ellipse
683 683 0.0 0.0 ellipse
684 684 0.0 0.0 ellipse
685 685 0.0 0.0 ellipse
686 686 0.0 0.0 ellipse
687 687 0.0 0.0 ellipse
688 688 0.0 0.0 ellipse
689 689 0.0 0.0 ellipse
690 690 0.0 0.0 ellipse
691 691 0.0 0.0 ellipse
692 692 0.0 0.0 ellipse
693 693 0.0 0.0 ellipse
694 694 0.0 0.0 ellipse
695 695 0.0 0.0 ellipse
696 696 0.0 0.0 ellipse
697 697 0.0 0.0 ellipse
698 698 0.0 0.0 ellipse
699 699 0.0 0.0 ellipse
700 700 0.0 0.0 ellipse
701 701 0.0 0.0 ellipse
702 702 0.0 0.0 ellipse
703 703 0.0 0.0 ellipse
704 704 0.0 0.0 ellipse
705 705 0.0 0.0 ellipse
706 706 0.0 0.0 ellipse
707 707 0.0 0.0 ellipse
708 708 0.0 0.0 ellipse
709 709 0.0 0.0 ellipse
710 710 0.0 0.0 ellipse
711 711 0.0 0.0 ellipse
712 712 0.0 0.0 ellipse
713 713 0.0 0.0 ellipse
714 714 0.0 0.0 ellipse
715 715 0.0 0.0 ellipse
716 716 0.0 0.0 ellipse
717 717 0.0 0.0 ellipse
718 718 0.0 0.0 ellipse
719 719 0.0 0.0 ellipse
720 720 0.0 0.0 ellipse
721 721 0.0 0.0 ellipse
722 722 0.0 0.0 ellipse
723 723 0.0 0.0 ellipse
724 724 0.0 0.0 ellipse
725 725 0.0 0.0 ellipse
726 726 0.0 0.0 ellipse
727 727 0.0 0.0 ellipse
728 728 0.0 0.0 ellipse
729 729 0.0 0.0 ellipse
730 730 0.0 0.0 ellipse
731 731 0.0 0.0 ellipse
732 732 0.0 0.0 ellipse
733 733 0.0 0.0 ellipse
734 734 0.0 0.0 ellipse
735 735 0.0 0.0 ellipse
736 736 0.0 0.0 ellipse
737 737 0.0 0.0 ellipse
738 738 0.0 0.0 ellipse
739 739 0.0 0.0 ellipse
740 740 0.0 0.0 ellipse
741 741 0.0 0.0 ellipse
742 742 0.0 0.0 ellipse
743 743 0.0 0.0 ellipse
744 744 0.0 0.0 ellipse
745 745 0.0 0.0 ellipse
746 746 0.0 0.0 ellipse
747 747 0.0 0.0 ellipse
748 748 0.0 0.0 ellipse
749 749 0.0 0.0 ellipse
750 750 0.0 0.0 ellipse
751 751 0.0 0.0 ellipse
752 752 0.0 0.0 ellipse
753 753 0.0 0.0 ellipse
754 754 0.0 0.0 ellipse
755 755 0.0 0.0 ellipse
756 756 0.0 0.0 ellipse
757 757 0.0 0.0 ellipse
758 758 0.0 0.0 ellipse
759 759 0.0 0.0 ellipse
760 760 0.0 0.0 ellipse
761 761 0.0 0.0 ellipse
762 762 0.0 0.0 ellipse
763 763 0.0 0.0 ellipse
764 764 0.0 0.0 ellipse
765 765 0.0 0.0 ellipse
766 766 0.0 0.0 ellipse
767 767 0.0 0.0 ellipse
768 768 0.0 0.0 ellipse
769 769 0.0 0.0 ellipse
770 770 0.0 0.0 ellipse
771 771 0.0 0.0 ellipse
772 772 0.0 0.0 ellipse
773 773 0.0 0.0 ellipse
774 774 0.0 0.0 ellipse
775 775 0.0 0.0 ellipse
776 776 0.0 0.0 ellipse
777 777 0.0 0.0 ellipse
778 778 0.0 0.0 ellipse
779 779 0.0 0.0 ellipse
780 780 0.0 0.0 ellipse
781 781 0.0 0.0 ellipse
782 782 0.0 0.0 ellipse
783 783 0.0 0.0 ellipse
784 784 0.0 0.0 ellipse
785 785 0.0 0.0 ellipse
786 786 0.0 0.0 ellipse
787 787 0.0 0.0 ellipse
788 788 0.0 0.0 ellipse
789 789 0.0 0.0 ellipse
790 790 0.0 0.0 ellipse
791 791 0.0 0.0 ellipse
792 792 0.0 0.0 ellipse
793 793 0.0 0.0 ellipse
794 794 0.0 0.0 ellipse
795 795 0.0 0.0 ellipse
796 796 0.0 0.0 ellipse
797 797 0.0 0.0 ellipse
798 798 0.0 0.0 ellipse
799 799 0.0 0.0 ellipse
800 800 0.0 0.0 ellipse
801 801 0.0 0.0 ellipse
802 802 0.0 0.0 ellipse
803 803 0.0 0.0 ellipse
804 804 0.0 0.0 ellipse
805 805 0.0 0.0 ellipse
806 806 0.0 0.0 ellipse
807 807 0.0 0.0 ellipse
808 808 0.0 0.0 ellipse
809 809 0.0 0.0 ellipse
810 810 0.0 0.0 ellipse
811 811 0.0 0.0 ellipse
812 812 0.0 0.0 ellipse
813 813 0.0 0.0 ellipse
814 814 0.0 0.0 ellipse
815 815 0.0 0.0 ellipse
816 816 0.0 0.0 ellipse
817 817 0.0 0.0 ellipse
818 818 0.0 0.0 ellipse
819 819 0.0 0.0 ellipse
820 820 0.0 0.0 ellipse
821 821 0.0 0.0 ellipse
822 822 0.0 0.0 ellipse
823 823 0.0 0.0 ellipse
824 824 0.0 0.0 ellipse
825 825 0.0 0.0 ellipse
826 826 0.0 0.0 ellipse
827 827 0.0 0.0 ellipse
828 828 0.0 0.0 ellipse
829 829 0.0 0.0 ellipse
830 830 0.0 0.0 ellipse
831 831 0.0 0.0 ellipse
832 832 0.0 0.0 ellipse
833 833 0.0 0.0 ellipse
834 834 0.0 0.0 ellipse
835 835 0.0 0.0 ellipse
836 836 0.0 0.0 ellipse
837 837 0.0 0.0 ellipse
838 838 0.0 0.0 ellipse
839 839 0.0 0.0 ellipse
840 840 0.0 0.0 ellipse
841 841 0.0 0.0 ellipse
842 842 0.0 0.0 ellipse
843 843 0.0 0.0 ellipse
844 844 0.0 0.0 ellipse
845 845 0.0 0.0 ellipse
846 846 0.0 0.0 ellipse
847 847 0.0 0.0 ellipse
848 848 0.0 0.0 ellipse
849 849 0.0 0.0 ellipse
850 850 0.0 0.0 ellipse
851 851 0.0 0.0 ellipse
852 852 0.0 0.0 ellipse
853 853 0.0 0.0 ellipse
854 854 0.0 0.0 ellipse
855 855 0.0 0.0 ellipse
856 856 0.0 0.0 ellipse
857 857 0.0 0.0 ellipse
858 858 0.0 0.0 ellipse
859 859 0.0 0.0 ellipse
860 860 0.0 0.0 ellipse
861 861 0.0 0.0 ellipse
862 862 0.0 0.0 ellipse
863 863 0.0 0.0 ellipse
864 864 0.0 0.0 ellipse
865 865 0.0 0.0 ellipse
866 866 0.0 0.0 ellipse
867 867 0.0 0.0 ellipse
868 868 0.0 0.0 ellipse
869 869 0.0 0.0 ellipse
870 870 0.0 0.0 ellipse
871 871 0.0 0.0 ellipse
872 872 0.0 0.0 ellipse
873 873 0.0 0.0 ellipse
874 874 0.0 0.0 ellipse
875 875 0.0 0.0 ellipse
876 876 0.0 0.0 ellipse
877 877 0.0 0.0 ellipse
878 878 0.0 0.0 ellipse
879 879 0.0 0.0 ellipse
880 880 0.0 0.0 ellipse
881 881 0.0 0.0 ellipse
882 882 0.0 0.0 ellipse
883 883 0.0 0.0 ellipse
884 884 0.0 0.0 ellipse
885 885 0.0 0.0 ellipse
886 886 0.0 0.0 ellipse
887 887 0.0 0.0 ellipse
888 888 0.0 0.0 ellipse
889 889 0.0 0.0 ellipse
890 890 0.0 0.0 ellipse
891 891 0.0 0.0 ellipse
892 892 0.0 0.0 ellipse
893 893 0.0 0.0 ellipse
894 894 0.0 0.0 ellipse
895 895 0.0 0.0 ellipse
896 896 0.0 0.0 ellipse
897 897 0.0 0.0 ellipse
898 898 0.0 0.0 ellipse
899 899 0.0 0.0 ellipse
900 900 0.0 0.0 ellipse
901 901 0.0 0.0 ellipse
902 902 0.0 0.0 ellipse
903 903 0.0 0.0 ellipse
904 904 0.0 0.0 ellipse
905 905 0.0 0.0 ellipse
906 906 0.0 0.0 ellipse
907 907 0.0 0.0 ellipse
908 908 0.0 0.0 ellipse
909 909 0.0 0.0 ellipse
910 910 0.0 0.0 ellipse
911 911 0.0 0.0 ellipse
912 912 0.0 0.0 ellipse
913 913 0.0 0.0 ellipse
914 914 0.0 0.0 ellipse
915 915 0.0 0.0 ellipse
916 916 0.0 0.0 ellipse
917 917 0.0 0.0 ellipse
918 918 0.0 0.0 ellipse
919 919 0.0 0.0 ellipse
920 920 0.0 0.0 ellipse
921 921 0.0 0.0 ellipse
922 922 0.0 0.0 ellipse
923 923 0.0 0.0 ellipse
924 924 0.0 0.0 ellipse
925 925 0.0 0.0 ellipse
926 926 0.0 0.0 ellipse
927 927 0.0 0.0 ellipse
928 928 0.0 0.0 ellipse
929 929 0.0 0.0 ellipse
930 930 0.0 0.0 ellipse
931 931 0.0 0.0 ellipse
932 932 0.0 0.0 ellipse
933 933 0.0 0.0 ellipse
934 934 0.0 0.0 ellipse
935 935 0.0 0.0 ellipse
936 936 0.0 0.0 ellipse
937 937 0.0 0.0 ellipse
938 938 0.0 0.0 ellipse
939 939 0.0 0.0 ellipse
940 940 0.0 0.0 ellipse
941 941 0.0 0.0 ellipse
942 942 0.0 0.0 ellipse
943 943 0.0 0.0 ellipse
944 944 0.0 0.0 ellipse
945 945 0.0 0.0 ellipse
946 946 0.0 0.0 ellipse
947 947 0.0 0.0 ellipse
948 948 0.0 0.0 ellipse
949 949 0.0 0.0 ellipse
950 950 0.0 0.0 ellipse
951 951 0.0 0.0 ellipse
952 952 0.0 0.0 ellipse
953 953 0.0 0.0 ellipse
954 954 0.0 0.0 ellipse
955 955 0.0 0.0 ellipse
956 956 0.0 0.0 ellipse
957 957 0.0 0.0 ellipse
958 958 0.0 0.0 ellipse
959 959 0.0 0.0 ellipse
960 960 0.0 0.0 ellipse
961 961 0.0 0.0 ellipse
962 962 0.0 0.0 ellipse
963 963 0.0 0.0 ellipse
964 964 0.0 0.0 ellipse
965 965 0.0 0.0 ellipse
966 966 0.0 0.0 ellipse
967 967 0.0 0.0 ellipse
968 968 0.0 0.0 ellipse
969 969 0.0 0.0 ellipse
970 970 0.0 0.0 ellipse
971 971 0.0 0.0 ellipse
972 972 0.0 0.0 ellipse
973 973 0.0 0.0 ellipse
974 974 0.0 0.0 ellipse
975 975 0.0 0.0 ellipse
976 976 0.0 0.0 ellipse
977 977 0.0 0.0 ellipse
978 978 0.0 0.0 ellipse
979 979 0.0 0.0 ellipse
980 980 0.0 0.0 ellipse
981 981 0.0 0.0 ellipse
982 982 0.0 0.0 ellipse
983 983 0.0 0.0 ellipse
984 984 0.0 0.0 ellipse
985 985 0.0 0.0 ellipse
986 986 0.0 0.0 ellipse
987 987 0.0 0.0 ellipse
988 988 0.0 0.0 ellipse
989 989 0.0 0.0 ellipse
990 990 0.0 0.0 ellipse
991 991 0.0 0.0 ellipse
992 992 0.0 0.0 ellipse
993 993 0.0 0.0 ellipse
994 994 0.0 0.0 ellipse
995 995 0.0 0.0 ellipse
996 996 0.0 0.0 ellipse
997 997 0.0 0.0 ellipse
998 998 0.0 0.0 ellipse
999 999 0.0 0.0 ellipse
1000 1000 0.0 0.0 ellipse
*edges
1 2 1.0
1 3 1.0
1 4 1.0
1 5 1.0
2 3 1.0
2 4 1.0
2 5 1.0
2 7 1.0
2 8 1.0
2 41 1.0
2 102 1.0
2 112 1.0
2 126 1.0
2 164 1.0
2 187 1.0
2 342 1.0
2 741 1.0
2 815 1.0
3 4 1.0
3 5 1.0
3 12 1.0
3 20 1.0
3 21 1.0
3 28 1.0
3 51 1.0
3 56 1.0
3 125 1.0
3 136 1.0
3 161 1.0
3 173 1.0
3 203 1.0
3 221 1.0
3 224 1.0
3 229 1.0
3 231 1.0
3 296 1.0
3 763 1.0
3 958 1.0
4 5 1.0
4 6 1.0
4 33 1.0
4 34 1.0
4 86 1.0
4 114 1.0
4 178 1.0
4 200 1.0
4 218 1.0
4 250 1.0
4 362 1.0
4 368 1.0
4 405 1.0
4 453 1.0
4 458 1.0
4 562 1.0
4 650 1.0
4 685 1.0
4 782 1.0
4 805 1.0
4 829 1.0
4 838 1.0
4 934 1.0
4 957 1.0
4 972 1.0
5 18 1.0
5 29 1.0
5 38 1.0
5 40 1.0
5 43 1.0
5 45 1.0
5 73 1.0
5 80 1.0
5 105 1.0
5 118 1.0
5 153 1.0
5 196 1.0
5 252 1.0
5 281 1.0
5 299 1.0
5 314 1.0
5 418 1.0
5 516 1.0
5 537 1.0
5 549 1.0
5 643 1.0
5 693 1.0
5 936 1.0
5 988 1.0
5 999 1.0
6 65 1.0
6 85 1.0
6 188 1.0
6 448 1.0
6 573 1.0
6 690 1.0
6 707 1.0
6 720 1.0
6 780 1.0
6 828 1.0
6 919 1.0
6 974 1.0
8 36 1.0
8 162 1.0
8 343 1.0
8 426 1.0
8 712 1.0
9 10 1.0
9 11 1.0
9 14 1.0
9 15 1.0
9 23 1.0
9 42 1.0
9 50 1.0
9 52 1.0
9 55 1.0
9 58 1.0
9 123 1.0
9 131 1.0
9 154 1.0
9 156 1.0
9 157 1.0
9 219 1.0
9 243 1.0
9 247 1.0
9 325 1.0
9 338 1.0
9 353 1.0
9 370 1.0
9 380 1.0
9 389 1.0
9 468 1.0
9 483 1.0
9 490 1.0
9 497 1.0
9 517 1.0
9 553 1.0
9 604 1.0
9 638 1.0
9 714 1.0
9 723 1.0
9 737 1.0
9 784 1.0
9 980 1.0
10 13 1.0
10 19 1.0
10 24 1.0
10 27 1.0
10 59 1.0
10 70 1.0
10 79 1.0
10 144 1.0
10 155 1.0
10 284 1.0
10 421 1.0
10 482 1.0
10 525 1.0
10 529 1.0
10 545 1.0
10 583 1.0
10 642 1.0
10 743 1.0
10 822 1.0
10 831 1.0
10 881 1.0
11 16 1.0
11 39 1.0
11 159 1.0
11 230 1.0
11 667 1.0
12 306 1.0
13 17 1.0
13 37 1.0
13 47 1.0
13 57 1.0
13 60 1.0
13 76 1.0
13 82 1.0
13 92 1.0
13 207 1.0
13 227 1.0
13 245 1.0
13 397 1.0
13 423 1.0
13 430 1.0
13 432 1.0
13 466 1.0
13 732 1.0
14 61 1.0
14 142 1.0
14 151 1.0
14 309 1.0
14 318 1.0
14 358 1.0
14 502 1.0
14 503 1.0
14 574 1.0
14 595 1.0
14 603 1.0
14 646 1.0
14 652 1.0
14 892 1.0
15 35 1.0
15 46 1.0
15 416 1.0
15 576 1.0
15 767 1.0
15 774 1.0
15 874 1.0
16 62 1.0
16 185 1.0
16 700 1.0
17 101 1.0
18 111 1.0
18 146 1.0
18 180 1.0
18 189 1.0
18 202 1.0
18 233 1.0
18 550 1.0
18 645 1.0
18 975 1.0
19 22 1.0
19 32 1.0
19 44 1.0
19 48 1.0
19 63 1.0
19 74 1.0
19 95 1.0
19 150 1.0
19 290 1.0
19 293 1.0
19 294 1.0
19 322 1.0
19 376 1.0
19 400 1.0
19 403 1.0
19 449 1.0
19 560 1.0
19 596 1.0
19 599 1.0
19 711 1.0
19 761 1.0
19 943 1.0
19 949 1.0
20 439 1.0
21 104 1.0
21 182 1.0
21 464 1.0
21 725 1.0
23 30 1.0
23 171 1.0
23 942 1.0
23 983 1.0
24 120 1.0
24 220 1.0
24 223 1.0
24 808 1.0
25 26 1.0
25 31 1.0
25 67 1.0
25 108 1.0
25 113 1.0
25 137 1.0
25 160 1.0
25 183 1.0
25 327 1.0
25 388 1.0
25 419 1.0
25 465 1.0
25 568 1.0
25 703 1.0
25 718 1.0
25 754 1.0
25 783 1.0
25 857 1.0
25 932 1.0
25 968 1.0
26 110 1.0
26 167 1.0
26 205 1.0
26 320 1.0
26 324 1.0
26 383 1.0
26 390 1.0
26 409 1.0
26 456 1.0
26 491 1.0
26 527 1.0
26 662 1.0
26 724 1.0
27 710 1.0
28 372 1.0
30 659 1.0
31 66 1.0
31 87 1.0
31 235 1.0
31 695 1.0
32 91 1.0
32 106 1.0
32 186 1.0
32 315 1.0
32 434 1.0
32 779 1.0
32 978 1.0
32 986 1.0
35 736 1.0
36 49 1.0
36 53 1.0
36 54 1.0
36 124 1.0
36 130 1.0
36 271 1.0
36 272 1.0
36 459 1.0
36 649 1.0
36 680 1.0
36 709 1.0
36 928 1.0
37 68 1.0
37 94 1.0
37 96 1.0
37 119 1.0
37 135 1.0
37 303 1.0
37 373 1.0
37 401 1.0
37 427 1.0
37 461 1.0
37 476 1.0
37 602 1.0
37 629 1.0
37 836 1.0
37 867 1.0
37 887 1.0
37 990 1.0
38 121 1.0
38 198 1.0
38 697 1.0
39 261 1.0
40 71 1.0
40 569 1.0
41 138 1.0
42 906 1.0
43 236 1.0
44 81 1.0
44 287 1.0
45 158 1.0
45 854 1.0
45 873 1.0
46 97 1.0
46 149 1.0
46 618 1.0
46 636 1.0
46 891 1.0
46 912 1.0
47 597 1.0
47 777 1.0
47 855 1.0
48 78 1.0
48 255 1.0
48 277 1.0
48 675 1.0
49 75 1.0
49 88 1.0
49 266 1.0
49 443 1.0
49 462 1.0
49 534 1.0
49 541 1.0
49 616 1.0
49 677 1.0
49 747 1.0
49 797 1.0
49 993 1.0
51 72 1.0
51 117 1.0
51 214 1.0
51 228 1.0
51 337 1.0
51 451 1.0
51 739 1.0
51 895 1.0
52 222 1.0
52 386 1.0
52 785 1.0
53 93 1.0
53 878 1.0
54 181 1.0
54 249 1.0
54 253 1.0
54 264 1.0
54 291 1.0
54 375 1.0
54 554 1.0
54 581 1.0
54 585 1.0
55 64 1.0
55 175 1.0
55 204 1.0
55 664 1.0
55 802 1.0
56 446 1.0
56 489 1.0
56 578 1.0
56 735 1.0
56 764 1.0
56 954 1.0
57 103 1.0
57 143 1.0
57 148 1.0
57 195 1.0
57 561 1.0
57 606 1.0
57 903 1.0
58 275 1.0
59 979 1.0
60 335 1.0
61 814 1.0
62 99 1.0
62 242 1.0
62 665 1.0
63 641 1.0
64 84 1.0
64 116 1.0
64 267 1.0
64 304 1.0
64 555 1.0
65 704 1.0
66 69 1.0
66 263 1.0
66 273 1.0
66 519 1.0
67 77 1.0
67 139 1.0
67 232 1.0
67 371 1.0
67 535 1.0
67 577 1.0
67 626 1.0
67 682 1.0
67 852 1.0
67 970 1.0
67 971 1.0
68 100 1.0
68 141 1.0
68 692 1.0
70 329 1.0
70 417 1.0
70 717 1.0
71 166 1.0
71 199 1.0
71 238 1.0
71 382 1.0
72 719 1.0
72 734 1.0
76 89 1.0
76 308 1.0
76 591 1.0
76 607 1.0
76 862 1.0
77 83 1.0
77 98 1.0
77 109 1.0
77 478 1.0
77 563 1.0
77 849 1.0
77 956 1.0
80 90 1.0
80 128 1.0
80 393 1.0
80 617 1.0
80 654 1.0
80 834 1.0
80 955 1.0
80 966 1.0
81 259 1.0
81 914 1.0
82 429 1.0
82 469 1.0
82 509 1.0
82 609 1.0
82 688 1.0
83 107 1.0
83 352 1.0
85 177 1.0
85 209 1.0
85 333 1.0
85 651 1.0
85 684 1.0
86 216 1.0
87 436 1.0
87 619 1.0
87 738 1.0
87 841 1.0
87 916 1.0
88 215 1.0
89 254 1.0
90 450 1.0
92 800 1.0
92 871 1.0
95 172 1.0
95 757 1.0
95 847 1.0
98 511 1.0
101 210 1.0
101 260 1.0
101 628 1.0
101 810 1.0
102 165 1.0
102 316 1.0
103 152 1.0
103 190 1.0
103 305 1.0
103 312 1.0
103 357 1.0
103 395 1.0
103 425 1.0
103 452 1.0
103 484 1.0
103 536 1.0
103 556 1.0
103 608 1.0
103 637 1.0
103 775 1.0
103 819 1.0
103 967 1.0
105 163 1.0
105 197 1.0
105 270 1.0
105 301 1.0
105 363 1.0
105 566 1.0
105 670 1.0
105 787 1.0
105 801 1.0
105 977 1.0
106 115 1.0
106 378 1.0
106 399 1.0
106 486 1.0
106 528 1.0
106 633 1.0
106 668 1.0
106 669 1.0
107 140 1.0
107 239 1.0
107 280 1.0
107 542 1.0
107 557 1.0
107 726 1.0
109 132 1.0
109 147 1.0
110 134 1.0
110 212 1.0
110 330 1.0
110 748 1.0
110 888 1.0
111 145 1.0
111 192 1.0
111 334 1.0
111 639 1.0
113 127 1.0
113 133 1.0
113 241 1.0
113 332 1.0
114 237 1.0
114 251 1.0
114 381 1.0
114 760 1.0
114 816 1.0
115 122 1.0
115 361 1.0
115 494 1.0
115 565 1.0
115 571 1.0
116 213 1.0
116 498 1.0
116 794 1.0
116 924 1.0
117 169 1.0
117 211 1.0
117 396 1.0
118 129 1.0
118 402 1.0
118 640 1.0
118 762 1.0
120 826 1.0
121 532 1.0
121 614 1.0
121 778 1.0
124 244 1.0
125 437 1.0
125 948 1.0
128 832 1.0
128 982 1.0
130 307 1.0
130 475 1.0
131 174 1.0
131 206 1.0
131 385 1.0
131 740 1.0
134 179 1.0
134 292 1.0
134 355 1.0
134 447 1.0
134 474 1.0
134 689 1.0
134 733 1.0
134 890 1.0
134 897 1.0
135 398 1.0
137 170 1.0
138 285 1.0
138 866 1.0
138 1000 1.0
139 336 1.0
141 404 1.0
141 962 1.0
144 487 1.0
144 592 1.0
144 671 1.0
144 927 1.0
145 313 1.0
147 168 1.0
147 176 1.0
147 184 1.0
147 321 1.0
147 328 1.0
147 348 1.0
147 349 1.0
147 481 1.0
147 730 1.0
147 923 1.0
147 991 1.0
151 694 1.0
154 289 1.0
157 274 1.0
157 302 1.0
158 240 1.0
158 473 1.0
159 856 1.0
160 201 1.0
161 193 1.0
161 276 1.0
161 350 1.0
161 699 1.0
162 191 1.0
163 208 1.0
164 345 1.0
165 226 1.0
165 283 1.0
165 297 1.0
165 995 1.0
166 344 1.0
166 750 1.0
166 753 1.0
166 879 1.0
167 326 1.0
168 889 1.0
168 933 1.0
169 622 1.0
169 755 1.0
171 935 1.0
172 256 1.0
172 420 1.0
172 635 1.0
172 812 1.0
177 803 1.0
178 369 1.0
178 470 1.0
178 530 1.0
178 672 1.0
178 907 1.0
179 898 1.0
180 522 1.0
182 194 1.0
182 217 1.0
182 262 1.0
182 265 1.0
182 298 1.0
182 364 1.0
182 367 1.0
182 387 1.0
182 431 1.0
182 471 1.0
182 543 1.0
182 579 1.0
182 610 1.0
182 768 1.0
182 788 1.0
182 798 1.0
182 911 1.0
183 415 1.0
184 384 1.0
185 278 1.0
185 630 1.0
186 773 1.0
186 876 1.0
188 590 1.0
189 225 1.0
189 499 1.0
189 559 1.0
189 567 1.0
191 623 1.0
192 521 1.0
192 548 1.0
192 902 1.0
193 317 1.0
195 410 1.0
195 625 1.0
195 729 1.0
196 472 1.0
196 727 1.0
199 479 1.0
199 683 1.0
199 868 1.0
202 883 1.0
203 524 1.0
207 356 1.0
207 488 1.0
207 504 1.0
212 880 1.0
215 269 1.0
217 804 1.0
221 501 1.0
224 234 1.0
224 698 1.0
224 781 1.0
225 455 1.0
226 286 1.0
226 587 1.0
226 593 1.0
228 248 1.0
228 863 1.0
229 246 1.0
229 546 1.0
230 347 1.0
230 600 1.0
230 653 1.0
230 657 1.0
231 940 1.0
232 989 1.0
233 341 1.0
233 359 1.0
233 917 1.0
234 605 1.0
234 759 1.0
237 279 1.0
237 621 1.0
239 824 1.0
239 908 1.0
240 666 1.0
242 428 1.0
242 441 1.0
244 268 1.0
244 547 1.0
244 644 1.0
246 391 1.0
246 467 1.0
246 627 1.0
248 310 1.0
248 311 1.0
250 886 1.0
251 340 1.0
251 518 1.0
251 678 1.0
254 825 1.0
255 985 1.0
257 258 1.0
257 295 1.0
257 433 1.0
257 438 1.0
257 513 1.0
257 540 1.0
257 686 1.0
257 713 1.0
257 842 1.0
257 850 1.0
257 864 1.0
257 910 1.0
258 572 1.0
258 770 1.0
258 790 1.0
259 944 1.0
260 282 1.0
260 480 1.0
260 508 1.0
260 620 1.0
263 558 1.0
263 706 1.0
264 288 1.0
264 869 1.0
266 379 1.0
266 408 1.0
266 870 1.0
267 580 1.0
267 809 1.0
268 365 1.0
268 366 1.0
268 406 1.0
268 445 1.0
268 632 1.0
268 872 1.0
270 523 1.0
271 300 1.0
271 769 1.0
277 319 1.0
277 360 1.0
277 485 1.0
277 507 1.0
283 422 1.0
283 752 1.0
284 346 1.0
285 756 1.0
287 526 1.0
288 414 1.0
289 512 1.0
290 331 1.0
290 496 1.0
291 454 1.0
292 505 1.0
295 500 1.0
302 860 1.0
303 354 1.0
305 658 1.0
305 708 1.0
305 901 1.0
306 323 1.0
306 463 1.0
307 520 1.0
310 742 1.0
310 806 1.0
313 751 1.0
316 339 1.0
323 374 1.0
324 510 1.0
325 964 1.0
326 377 1.0
326 551 1.0
326 766 1.0
327 407 1.0
331 882 1.0
331 918 1.0
345 435 1.0
345 538 1.0
345 570 1.0
346 945 1.0
347 351 1.0
347 444 1.0
347 492 1.0
347 981 1.0
349 392 1.0
349 531 1.0
351 765 1.0
353 601 1.0
353 647 1.0
355 440 1.0
360 411 1.0
364 413 1.0
364 588 1.0
364 973 1.0
369 442 1.0
369 624 1.0
369 913 1.0
370 394 1.0
370 796 1.0
371 947 1.0
376 875 1.0
384 495 1.0
385 457 1.0
385 941 1.0
389 676 1.0
391 424 1.0
391 514 1.0
393 791 1.0
393 950 1.0
394 844 1.0
394 885 1.0
396 539 1.0
396 721 1.0
399 575 1.0
404 412 1.0
405 837 1.0
408 851 1.0
413 564 1.0
413 656 1.0
413 848 1.0
416 821 1.0
418 839 1.0
420 460 1.0
420 477 1.0
424 799 1.0
426 789 1.0
430 589 1.0
431 493 1.0
433 598 1.0
433 823 1.0
433 922 1.0
437 859 1.0
438 674 1.0
446 611 1.0
450 533 1.0
450 615 1.0
450 655 1.0
450 884 1.0
460 691 1.0
460 965 1.0
461 681 1.0
462 544 1.0
462 715 1.0
462 758 1.0
472 915 1.0
473 827 1.0
475 582 1.0
477 586 1.0
481 506 1.0
483 705 1.0
485 899 1.0
485 939 1.0
489 552 1.0
490 930 1.0
495 612 1.0
495 946 1.0
497 813 1.0
498 594 1.0
498 613 1.0
500 997 1.0
503 515 1.0
505 661 1.0
523 861 1.0
537 896 1.0
552 818 1.0
554 920 1.0
557 745 1.0
558 722 1.0
561 584 1.0
565 845 1.0
568 776 1.0
569 772 1.0
580 679 1.0
581 696 1.0
581 702 1.0
597 744 1.0
599 716 1.0
606 853 1.0
609 771 1.0
609 865 1.0
616 660 1.0
616 749 1.0
622 811 1.0
622 953 1.0
624 631 1.0
624 663 1.0
627 634 1.0
636 833 1.0
637 648 1.0
642 951 1.0
646 893 1.0
658 746 1.0
660 673 1.0
661 835 1.0
667 687 1.0
667 987 1.0
675 701 1.0
676 817 1.0
679 728 1.0
681 998 1.0
683 731 1.0
683 858 1.0
684 900 1.0
700 846 1.0
705 904 1.0
710 795 1.0
713 894 1.0
714 929 1.0
717 793 1.0
717 926 1.0
728 807 1.0
728 925 1.0
734 786 1.0
742 961 1.0
748 792 1.0
750 840 1.0
750 963 1.0
761 969 1.0
765 830 1.0
775 909 1.0
775 996 1.0
776 959 1.0
780 938 1.0
789 820 1.0
792 843 1.0
797 877 1.0
826 905 1.0
835 937 1.0
838 960 1.0
838 994 1.0
847 984 1.0
850 976 1.0
875 952 1.0
875 992 1.0
914 921 1.0
925 931 1.0
