*vertices 100
1 0 0.0 0.0 ellipse
2 1 0.0 0.0 ellipse
3 2 0.0 0.0 ellipse
4 3 0.0 0.0 ellipse
5 4 0.0 0.0 ellipse
6 6 0.0 0.0 ellipse
7 7 0.0 0.0 ellipse
8 5 0.0 0.0 ellipse
9 9 0.0 0.0 ellipse
10 10 0.0 0.0 ellipse
11 11 0.0 0.0 ellipse
12 12 0.0 0.0 ellipse
13 13 0.0 0.0 ellipse
14 14 0.0 0.0 ellipse
15 15 0.0 0.0 ellipse
16 16 0.0 0.0 ellipse
17 17 0.0 0.0 ellipse
18 18 0.0 0.0 ellipse
19 19 0.0 0.0 ellipse
20 20 0.0 0.0 ellipse
21 21 0.0 0.0 ellipse
22 22 0.0 0.0 ellipse
23 23 0.0 0.0 ellipse
24 24 0.0 0.0 ellipse
25 25 0.0 0.0 ellipse
26 8 0.0 0.0 ellipse
27 26 0.0 0.0 ellipse
28 28 0.0 0.0 ellipse
29 29 0.0 0.0 ellipse
30 30 0.0 0.0 ellipse
31 31 0.0 0.0 ellipse
32 32 0.0 0.0 ellipse
33 33 0.0 0.0 ellipse
34 34 0.0 0.0 ellipse
35 35 0.0 0.0 ellipse
36 36 0.0 0.0 ellipse
37 37 0.0 0.0 ellipse
38 38 0.0 0.0 ellipse
39 39 0.0 0.0 ellipse
40 40 0.0 0.0 ellipse
41 41 0.0 0.0 ellipse
42 42 0.0 0.0 ellipse
43 43 0.0 0.0 ellipse
44 44 0.0 0.0 ellipse
45 45 0.0 0.0 ellipse
46 46 0.0 0.0 ellipse
47 47 0.0 0.0 ellipse
48 27 0.0 0.0 ellipse
49 49 0.0 0.0 ellipse
50 50 0.0 0.0 ellipse
51 51 0.0 0.0 ellipse
52 52 0.0 0.0 ellipse
53 53 0.0 0.0 ellipse
54 54 0.0 0.0 ellipse
55 55 0.0 0.0 ellipse
56 56 0.0 0.0 ellipse
57 57 0.0 0.0 ellipse
58 58 0.0 0.0 ellipse
59 59 0.0 0.0 ellipse
60 60 0.0 0.0 ellipse
61 61 0.0 0.0 ellipse
62 62 0.0 0.0 ellipse
63 63 0.0 0.0 ellipse
64 64 0.0 0.0 ellipse
65 65 0.0 0.0 ellipse
66 66 0.0 0.0 ellipse
67 67 0.0 0.0 ellipse
68 68 0.0 0.0 ellipse
69 69 0.0 0.0 ellipse
70 70 0.0 0.0 ellipse
71 71 0.0 0.0 ellipse
72 72 0.0 0.0 ellipse
73 73 0.0 0.0 ellipse
74 74 0.0 0.0 ellipse
75 75 0.0 0.0 ellipse
76 76 0.0 0.0 ellipse
77 77 0.0 0.0 ellipse
78 78 0.0 0.0 ellipse
79 79 0.0 0.0 ellipse
80 80 0.0 0.0 ellipse
81 81 0.0 0.0 ellipse
82 82 0.0 0.0 ellipse
83 83 0.0 0.0 ellipse
84 84 0.0 0.0 ellipse
85 85 0.0 0.0 ellipse
86 86 0.0 0.0 ellipse
87 87 0.0 0.0 ellipse
88 88 0.0 0.0 ellipse
89 89 0.0 0.0 ellipse
90 90 0.0 0.0 ellipse
91 91 0.0 0.0 ellipse
92 92 0.0 0.0 ellipse
93 93 0.0 0.0 ellipse
94 94 0.0 0.0 ellipse
95 95 0.0 0.0 ellipse
96 96 0.0 0.0 ellipse
97 97 0.0 0.0 ellipse
98 98 0.0 0.0 ellipse
99 99 0.0 0.0 ellipse
100 100 0.0 0.0 ellipse
*edges
1 2 1.0
1 3 1.0
1 4 1.0
1 5 1.0
2 3 1.0
2 4 1.0
2 5 1.0
2 6 1.0
2 12 1.0
2 17 1.0
2 20 1.0
2 21 1.0
2 22 1.0
2 32 1.0
3 4 1.0
3 5 1.0
3 9 1.0
3 10 1.0
3 11 1.0
3 13 1.0
3 14 1.0
3 16 1.0
3 18 1.0
3 25 1.0
3 37 1.0
3 41 1.0
3 46 1.0
3 50 1.0
3 54 1.0
3 72 1.0
3 87 1.0
3 99 1.0
4 5 1.0
4 6 1.0
4 9 1.0
4 14 1.0
4 19 1.0
4 23 1.0
4 28 1.0
4 30 1.0
4 31 1.0
4 35 1.0
4 36 1.0
4 38 1.0
4 49 1.0
4 60 1.0
4 63 1.0
4 81 1.0
4 87 1.0
4 88 1.0
5 7 1.0
5 34 1.0
5 41 1.0
5 49 1.0
5 50 1.0
5 51 1.0
5 57 1.0
5 59 1.0
5 66 1.0
5 69 1.0
5 73 1.0
5 80 1.0
5 89 1.0
5 93 1.0
5 96 1.0
6 15 1.0
7 8 1.0
7 13 1.0
7 21 1.0
7 52 1.0
7 62 1.0
7 84 1.0
8 12 1.0
8 15 1.0
8 22 1.0
8 42 1.0
8 54 1.0
8 65 1.0
8 71 1.0
8 92 1.0
11 51 1.0
12 18 1.0
12 23 1.0
12 24 1.0
12 37 1.0
12 43 1.0
12 52 1.0
12 55 1.0
12 56 1.0
12 59 1.0
12 75 1.0
12 76 1.0
12 90 1.0
12 91 1.0
12 97 1.0
14 32 1.0
14 39 1.0
14 89 1.0
14 100 1.0
15 20 1.0
17 40 1.0
18 28 1.0
18 29 1.0
18 30 1.0
18 43 1.0
18 55 1.0
18 57 1.0
18 77 1.0
18 78 1.0
18 94 1.0
18 100 1.0
19 33 1.0
19 68 1.0
20 53 1.0
21 31 1.0
21 35 1.0
21 39 1.0
21 45 1.0
21 47 1.0
21 58 1.0
21 83 1.0
22 27 1.0
26 27 1.0
26 40 1.0
26 70 1.0
26 74 1.0
26 86 1.0
26 98 1.0
27 45 1.0
27 58 1.0
27 61 1.0
27 92 1.0
28 64 1.0
29 73 1.0
30 36 1.0
30 67 1.0
30 70 1.0
30 80 1.0
30 84 1.0
30 95 1.0
31 34 1.0
31 53 1.0
31 62 1.0
31 78 1.0
33 65 1.0
33 90 1.0
34 44 1.0
36 69 1.0
36 76 1.0
38 79 1.0
39 46 1.0
39 71 1.0
39 85 1.0
39 88 1.0
41 44 1.0
43 82 1.0
44 61 1.0
45 77 1.0
46 93 1.0
47 48 1.0
50 98 1.0
51 66 1.0
51 74 1.0
51 79 1.0
52 64 1.0
53 75 1.0
53 86 1.0
57 68 1.0
58 60 1.0
58 83 1.0
58 96 1.0
65 72 1.0
72 94 1.0
75 85 1.0
78 81 1.0
79 82 1.0
79 95 1.0
87 91 1.0
88 99 1.0
