*vertices 1000
1 0 0.0 0.0 ellipse
2 1 0.0 0.0 ellipse
3 2 0.0 0.0 ellipse
4 3 0.0 0.0 ellipse
5 4 0.0 0.0 ellipse
6 6 0.0 0.0 ellipse
7 7 0.0 0.0 ellipse
8 5 0.0 0.0 ellipse
9 8 0.0 0.0 ellipse
10 10 0.0 0.0 ellipse
11 11 0.0 0.0 ellipse
12 12 0.0 0.0 ellipse
13 13 0.0 0.0 ellipse
14 14 0.0 0.0 ellipse
15 15 0.0 0.0 ellipse
16 16 0.0 0.0 ellipse
17 17 0.0 0.0 ellipse
18 18 0.0 0.0 ellipse
19 19 0.0 0.0 ellipse
20 20 0.0 0.0 ellipse
21 21 0.0 0.0 ellipse
22 22 0.0 0.0 ellipse
23 9 0.0 0.0 ellipse
24 24 0.0 0.0 ellipse
25 25 0.0 0.0 ellipse
26 26 0.0 0.0 ellipse
27 27 0.0 0.0 ellipse
28 28 0.0 0.0 ellipse
29 29 0.0 0.0 ellipse
30 30 0.0 0.0 ellipse
31 23 0.0 0.0 ellipse
32 31 0.0 0.0 ellipse
33 33 0.0 0.0 ellipse
34 34 0.0 0.0 ellipse
35 35 0.0 0.0 ellipse
36 36 0.0 0.0 ellipse
37 37 0.0 0.0 ellipse
38 38 0.0 0.0 ellipse
39 39 0.0 0.0 ellipse
40 40 0.0 0.0 ellipse
41 41 0.0 0.0 ellipse
42 42 0.0 0.0 ellipse
43 43 0.0 0.0 ellipse
44 44 0.0 0.0 ellipse
45 45 0.0 0.0 ellipse
46 46 0.0 0.0 ellipse
47 47 0.0 0.0 ellipse
48 48 0.0 0.0 ellipse
49 49 0.0 0.0 ellipse
50 50 0.0 0.0 ellipse
51 51 0.0 0.0 ellipse
52 52 0.0 0.0 ellipse
53 53 0.0 0.0 ellipse
54 32 0.0 0.0 ellipse
55 55 0.0 0.0 ellipse
56 56 0.0 0.0 ellipse
57 57 0.0 0.0 ellipse
58 58 0.0 0.0 ellipse
59 59 0.0 0.0 ellipse
60 60 0.0 0.0 ellipse
61 61 0.0 0.0 ellipse
62 62 0.0 0.0 ellipse
63 63 0.0 0.0 ellipse
64 64 0.0 0.0 ellipse
65 65 0.0 0.0 ellipse
66 66 0.0 0.0 ellipse
67 67 0.0 0.0 ellipse
68 68 0.0 0.0 ellipse
69 69 0.0 0.0 ellipse
70 70 0.0 0.0 ellipse
71 71 0.0 0.0 ellipse
72 72 0.0 0.0 ellipse
73 73 0.0 0.0 ellipse
74 74 0.0 0.0 ellipse
75 75 0.0 0.0 ellipse
76 76 0.0 0.0 ellipse
77 77 0.0 0.0 ellipse
78 78 0.0 0.0 ellipse
79 79 0.0 0.0 ellipse
80 80 0.0 0.0 ellipse
81 81 0.0 0.0 ellipse
82 82 0.0 0.0 ellipse
83 83 0.0 0.0 ellipse
84 84 0.0 0.0 ellipse
85 85 0.0 0.0 ellipse
86 86 0.0 0.0 ellipse
87 87 0.0 0.0 ellipse
88 88 0.0 0.0 ellipse
89 89 0.0 0.0 ellipse
90 90 0.0 0.0 ellipse
91 91 0.0 0.0 ellipse
92 92 0.0 0.0 ellipse
93 93 0.0 0.0 ellipse
94 94 0.0 0.0 ellipse
95 95 0.0 0.0 ellipse
96 96 0.0 0.0 ellipse
97 97 0.0 0.0 ellipse
98 98 0.0 0.0 ellipse
99 99 0.0 0.0 ellipse
100 100 0.0 0.0 ellipse
101 101 0.0 0.0 ellipse
102 102 0.0 0.0 ellipse
103 103 0.0 0.0 ellipse
104 104 0.0 0.0 ellipse
105 105 0.0 0.0 ellipse
106 106 0.0 0.0 ellipse
107 107 0.0 0.0 ellipse
108 108 0.0 0.0 ellipse
109 109 0.0 0.0 ellipse
110 110 0.0 0.0 ellipse
111 111 0.0 0.0 ellipse
112 112 0.0 0.0 ellipse
113 113 0.0 0.0 ellipse
114 114 0.0 0.0 ellipse
115 115 0.0 0.0 ellipse
116 116 0.0 0.0 ellipse
117 117 0.0 0.0 ellipse
118 118 0.0 0.0 ellipse
119 119 0.0 0.0 ellipse
120 120 0.0 0.0 ellipse
121 121 0.0 0.0 ellipse
122 122 0.0 0.0 ellipse
123 123 0.0 0.0 ellipse
124 124 0.0 0.0 ellipse
125 125 0.0 0.0 ellipse
126 126 0.0 0.0 ellipse
127 127 0.0 0.0 ellipse
128 128 0.0 0.0 ellipse
129 129 0.0 0.0 ellipse
130 130 0.0 0.0 ellipse
131 131 0.0 0.0 ellipse
132 132 0.0 0.0 ellipse
133 133 0.0 0.0 ellipse
134 134 0.0 0.0 ellipse
135 135 0.0 0.0 ellipse
136 136 0.0 0.0 ellipse
137 137 0.0 0.0 ellipse
138 138 0.0 0.0 ellipse
139 139 0.0 0.0 ellipse
140 140 0.0 0.0 ellipse
141 141 0.0 0.0 ellipse
142 142 0.0 0.0 ellipse
143 143 0.0 0.0 ellipse
144 144 0.0 0.0 ellipse
145 145 0.0 0.0 ellipse
146 146 0.0 0.0 ellipse
147 147 0.0 0.0 ellipse
148 148 0.0 0.0 ellipse
149 149 0.0 0.0 ellipse
150 150 0.0 0.0 ellipse
151 151 0.0 0.0 ellipse
152 152 0.0 0.0 ellipse
153 153 0.0 0.0 ellipse
154 154 0.0 0.0 ellipse
155 155 0.0 0.0 ellipse
156 156 0.0 0.0 ellipse
157 157 0.0 0.0 ellipse
158 158 0.0 0.0 ellipse
159 159 0.0 0.0 ellipse
160 160 0.0 0.0 ellipse
161 161 0.0 0.0 ellipse
162 162 0.0 0.0 ellipse
163 163 0.0 0.0 ellipse
164 164 0.0 0.0 ellipse
165 165 0.0 0.0 ellipse
166 166 0.0 0.0 ellipse
167 167 0.0 0.0 ellipse
168 168 0.0 0.0 ellipse
169 169 0.0 0.0 ellipse
170 170 0.0 0.0 ellipse
171 171 0.0 0.0 ellipse
172 172 0.0 0.0 ellipse
173 173 0.0 0.0 ellipse
174 174 0.0 0.0 ellipse
175 175 0.0 0.0 ellipse
176 176 0.0 0.0 ellipse
177 177 0.0 0.0 ellipse
178 178 0.0 0.0 ellipse
179 179 0.0 0.0 ellipse
180 180 0.0 0.0 ellipse
181 181 0.0 0.0 ellipse
182 182 0.0 0.0 ellipse
183 183 0.0 0.0 ellipse
184 184 0.0 0.0 ellipse
185 185 0.0 0.0 ellipse
186 186 0.0 0.0 ellipse
187 187 0.0 0.0 ellipse
188 188 0.0 0.0 ellipse
189 189 0.0 0.0 ellipse
190 190 0.0 0.0 ellipse
191 191 0.0 0.0 ellipse
192 192 0.0 0.0 ellipse
193 193 0.0 0.0 ellipse
194 194 0.0 0.0 ellipse
195 195 0.0 0.0 ellipse
196 196 0.0 0.0 ellipse
197 197 0.0 0.0 ellipse
198 198 0.0 0.0 ellipse
199 199 0.0 0.0 ellipse
200 200 0.0 0.0 ellipse
201 201 0.0 0.0 ellipse
202 202 0.0 0.0 ellipse
203 203 0.0 0.0 ellipse
204 204 0.0 0.0 ellipse
205 205 0.0 0.0 ellipse
206 206 0.0 0.0 ellipse
207 207 0.0 0.0 ellipse
208 208 0.0 0.0 ellipse
209 209 0.0 0.0 ellipse
210 210 0.0 0.0 ellipse
211 211 0.0 0.0 ellipse
212 212 0.0 0.0 ellipse
213 213 0.0 0.0 ellipse
214 214 0.0 0.0 ellipse
215 215 0.0 0.0 ellipse
216 216 0.0 0.0 ellipse
217 217 0.0 0.0 ellipse
218 218 0.0 0.0 ellipse
219 219 0.0 0.0 ellipse
220 220 0.0 0.0 ellipse
221 221 0.0 0.0 ellipse
222 222 0.0 0.0 ellipse
223 223 0.0 0.0 ellipse
224 224 0.0 0.0 ellipse
225 225 0.0 0.0 ellipse
226 226 0.0 0.0 ellipse
227 227 0.0 0.0 ellipse
228 228 0.0 0.0 ellipse
229 229 0.0 0.0 ellipse
230 230 0.0 0.0 ellipse
231 231 0.0 0.0 ellipse
232 232 0.0 0.0 ellipse
233 233 0.0 0.0 ellipse
234 234 0.0 0.0 ellipse
235 235 0.0 0.0 ellipse
236 236 0.0 0.0 ellipse
237 237 0.0 0.0 ellipse
238 238 0.0 0.0 ellipse
239 239 0.0 0.0 ellipse
240 240 0.0 0.0 ellipse
241 241 0.0 0.0 ellipse
242 242 0.0 0.0 ellipse
243 243 0.0 0.0 ellipse
244 244 0.0 0.0 ellipse
245 245 0.0 0.0 ellipse
246 246 0.0 0.0 ellipse
247 247 0.0 0.0 ellipse
248 248 0.0 0.0 ellipse
249 249 0.0 0.0 ellipse
250 250 0.0 0.0 ellipse
251 251 0.0 0.0 ellipse
252 252 0.0 0.0 ellipse
253 253 0.0 0.0 ellipse
254 254 0.0 0.0 ellipse
255 54 0.0 0.0 ellipse
256 256 0.0 0.0 ellipse
257 257 0.0 0.0 ellipse
258 258 0.0 0.0 ellipse
259 259 0.0 0.0 ellipse
260 260 0.0 0.0 ellipse
261 261 0.0 0.0 ellipse
262 262 0.0 0.0 ellipse
263 263 0.0 0.0 ellipse
264 264 0.0 0.0 ellipse
265 265 0.0 0.0 ellipse
266 266 0.0 0.0 ellipse
267 267 0.0 0.0 ellipse
268 268 0.0 0.0 ellipse
269 269 0.0 0.0 ellipse
270 270 0.0 0.0 ellipse
271 271 0.0 0.0 ellipse
272 272 0.0 0.0 ellipse
273 273 0.0 0.0 ellipse
274 274 0.0 0.0 ellipse
275 275 0.0 0.0 ellipse
276 276 0.0 0.0 ellipse
277 277 0.0 0.0 ellipse
278 278 0.0 0.0 ellipse
279 279 0.0 0.0 ellipse
280 280 0.0 0.0 ellipse
281 281 0.0 0.0 ellipse
282 282 0.0 0.0 ellipse
283 283 0.0 0.0 ellipse
284 284 0.0 0.0 ellipse
285 285 0.0 0.0 ellipse
286 286 0.0 0.0 ellipse
287 287 0.0 0.0 ellipse
288 288 0.0 0.0 ellipse
289 289 0.0 0.0 ellipse
290 290 0.0 0.0 ellipse
291 291 0.0 0.0 ellipse
292 292 0.0 0.0 ellipse
293 293 0.0 0.0 ellipse
294 294 0.0 0.0 ellipse
295 295 0.0 0.0 ellipse
296 296 0.0 0.0 ellipse
297 297 0.0 0.0 ellipse
298 298 0.0 0.0 ellipse
299 299 0.0 0.0 ellipse
300 300 0.0 0.0 ellipse
301 301 0.0 0.0 ellipse
302 302 0.0 0.0 ellipse
303 303 0.0 0.0 ellipse
304 304 0.0 0.0 ellipse
305 305 0.0 0.0 ellipse
306 306 0.0 0.0 ellipse
307 307 0.0 0.0 ellipse
308 308 0.0 0.0 ellipse
309 309 0.0 0.0 ellipse
310 310 0.0 0.0 ellipse
311 311 0.0 0.0 ellipse
312 312 0.0 0.0 ellipse
313 313 0.0 0.0 ellipse
314 314 0.0 0.0 ellipse
315 315 0.0 0.0 ellipse
316 316 0.0 0.0 ellipse
317 317 0.0 0.0 ellipse
318 318 0.0 0.0 ellipse
319 319 0.0 0.0 ellipse
320 320 0.0 0.0 ellipse
321 321 0.0 0.0 ellipse
322 322 0.0 0.0 ellipse
323 323 0.0 0.0 ellipse
324 324 0.0 0.0 ellipse
325 325 0.0 0.0 ellipse
326 326 0.0 0.0 ellipse
327 327 0.0 0.0 ellipse
328 328 0.0 0.0 ellipse
329 329 0.0 0.0 ellipse
330 330 0.0 0.0 ellipse
331 331 0.0 0.0 ellipse
332 332 0.0 0.0 ellipse
333 333 0.0 0.0 ellipse
334 334 0.0 0.0 ellipse
335 335 0.0 0.0 ellipse
336 336 0.0 0.0 ellipse
337 337 0.0 0.0 ellipse
338 338 0.0 0.0 ellipse
339 339 0.0 0.0 ellipse
340 340 0.0 0.0 ellipse
341 341 0.0 0.0 ellipse
342 342 0.0 0.0 ellipse
343 343 0.0 0.0 ellipse
344 344 0.0 0.0 ellipse
345 345 0.0 0.0 ellipse
346 346 0.0 0.0 ellipse
347 347 0.0 0.0 ellipse
348 348 0.0 0.0 ellipse
349 349 0.0 0.0 ellipse
350 350 0.0 0.0 ellipse
351 351 0.0 0.0 ellipse
352 352 0.0 0.0 ellipse
353 353 0.0 0.0 ellipse
354 354 0.0 0.0 ellipse
355 355 0.0 0.0 ellipse
356 356 0.0 0.0 ellipse
357 357 0.0 0.0 ellipse
358 358 0.0 0.0 ellipse
359 359 0.0 0.0 ellipse
360 360 0.0 0.0 ellipse
361 361 0.0 0.0 ellipse
362 362 0.0 0.0 ellipse
363 363 0.0 0.0 ellipse
364 364 0.0 0.0 ellipse
365 365 0.0 0.0 ellipse
366 366 0.0 0.0 ellipse
367 367 0.0 0.0 ellipse
368 368 0.0 0.0 ellipse
369 369 0.0 0.0 ellipse
370 370 0.0 0.0 ellipse
371 371 0.0 0.0 ellipse
372 372 0.0 0.0 ellipse
373 373 0.0 0.0 ellipse
374 374 0.0 0.0 ellipse
375 375 0.0 0.0 ellipse
376 376 0.0 0.0 ellipse
377 377 0.0 0.0 ellipse
378 378 0.0 0.0 ellipse
379 379 0.0 0.0 ellipse
380 380 0.0 0.0 ellipse
381 381 0.0 0.0 ellipse
382 382 0.0 0.0 ellipse
383 383 0.0 0.0 ellipse
384 384 0.0 0.0 ellipse
385 385 0.0 0.0 ellipse
386 386 0.0 0.0 ellipse
387 387 0.0 0.0 ellipse
388 388 0.0 0.0 ellipse
389 389 0.0 0.0 ellipse
390 390 0.0 0.0 ellipse
391 391 0.0 0.0 ellipse
392 392 0.0 0.0 ellipse
393 393 0.0 0.0 ellipse
394 394 0.0 0.0 ellipse
395 395 0.0 0.0 ellipse
396 396 0.0 0.0 ellipse
397 397 0.0 0.0 ellipse
398 398 0.0 0.0 ellipse
399 399 0.0 0.0 ellipse
400 400 0.0 0.0 ellipse
401 401 0.0 0.0 ellipse
402 402 0.0 0.0 ellipse
403 403 0.0 0.0 ellipse
404 404 0.0 0.0 ellipse
405 405 0.0 0.0 ellipse
406 406 0.0 0.0 ellipse
407 407 0.0 0.0 ellipse
408 408 0.0 0.0 ellipse
409 409 0.0 0.0 ellipse
410 410 0.0 0.0 ellipse
411 411 0.0 0.0 ellipse
412 412 0.0 0.0 ellipse
413 413 0.0 0.0 ellipse
414 414 0.0 0.0 ellipse
415 415 0.0 0.0 ellipse
416 416 0.0 0.0 ellipse
417 417 0.0 0.0 ellipse
418 418 0.0 0.0 ellipse
419 419 0.0 0.0 ellipse
420 420 0.0 0.0 ellipse
421 421 0.0 0.0 ellipse
422 422 0.0 0.0 ellipse
423 423 0.0 0.0 ellipse
424 424 0.0 0.0 ellipse
425 425 0.0 0.0 ellipse
426 426 0.0 0.0 ellipse
427 427 0.0 0.0 ellipse
428 428 0.0 0.0 ellipse
429 429 0.0 0.0 ellipse
430 430 0.0 0.0 ellipse
431 431 0.0 0.0 ellipse
432 432 0.0 0.0 ellipse
433 433 0.0 0.0 ellipse
434 434 0.0 0.0 ellipse
435 435 0.0 0.0 ellipse
436 436 0.0 0.0 ellipse
437 437 0.0 0.0 ellipse
438 438 0.0 0.0 ellipse
439 439 0.0 0.0 ellipse
440 440 0.0 0.0 ellipse
441 441 0.0 0.0 ellipse
442 442 0.0 0.0 ellipse
443 443 0.0 0.0 ellipse
444 444 0.0 0.0 ellipse
445 445 0.0 0.0 ellipse
446 446 0.0 0.0 ellipse
447 447 0.0 0.0 ellipse
448 448 0.0 0.0 ellipse
449 449 0.0 0.0 ellipse
450 450 0.0 0.0 ellipse
451 451 0.0 0.0 ellipse
452 452 0.0 0.0 ellipse
453 453 0.0 0.0 ellipse
454 454 0.0 0.0 ellipse
455 455 0.0 0.0 ellipse
456 456 0.0 0.0 ellipse
457 457 0.0 0.0 ellipse
458 458 0.0 0.0 ellipse
459 459 0.0 0.0 ellipse
460 460 0.0 0.0 ellipse
461 461 0.0 0.0 ellipse
462 462 0.0 0.0 ellipse
463 463 0.0 0.0 ellipse
464 464 0.0 0.0 ellipse
465 465 0.0 0.0 ellipse
466 466 0.0 0.0 ellipse
467 467 0.0 0.0 ellipse
468 468 0.0 0.0 ellipse
469 469 0.0 0.0 ellipse
470 470 0.0 0.0 ellipse
471 471 0.0 0.0 ellipse
472 472 0.0 0.0 ellipse
473 473 0.0 0.0 ellipse
474 474 0.0 0.0 ellipse
475 475 0.0 0.0 ellipse
476 476 0.0 0.0 ellipse
477 477 0.0 0.0 ellipse
478 478 0.0 0.0 ellipse
479 479 0.0 0.0 ellipse
480 480 0.0 0.0 ellipse
481 481 0.0 0.0 ellipse
482 482 0.0 0.0 ellipse
483 483 0.0 0.0 ellipse
484 484 0.0 0.0 ellipse
485 485 0.0 0.0 ellipse
486 486 0.0 0.0 ellipse
487 487 0.0 0.0 ellipse
488 488 0.0 0.0 ellipse
489 489 0.0 0.0 ellipse
490 490 0.0 0.0 ellipse
491 491 0.0 0.0 ellipse
492 492 0.0 0.0 ellipse
493 493 0.0 0.0 ellipse
494 494 0.0 0.0 ellipse
495 495 0.0 0.0 ellipse
496 496 0.0 0.0 ellipse
497 497 0.0 0.0 ellipse
498 498 0.0 0.0 ellipse
499 499 0.0 0.0 ellipse
500 500 0.0 0.0 ellipse
501 501 0.0 0.0 ellipse
502 502 0.0 0.0 ellipse
503 503 0.0 0.0 ellipse
504 504 0.0 0.0 ellipse
505 505 0.0 0.0 ellipse
506 506 0.0 0.0 ellipse
507 507 0.0 0.0 ellipse
508 508 0.0 0.0 ellipse
509 509 0.0 0.0 ellipse
510 510 0.0 0.0 ellipse
511 511 0.0 0.0 ellipse
512 512 0.0 0.0 ellipse
513 513 0.0 0.0 ellipse
514 514 0.0 0.0 ellipse
515 515 0.0 0.0 ellipse
516 516 0.0 0.0 ellipse
517 517 0.0 0.0 ellipse
518 518 0.0 0.0 ellipse
519 519 0.0 0.0 ellipse
520 520 0.0 0.0 ellipse
521 521 0.0 0.0 ellipse
522 522 0.0 0.0 ellipse
523 523 0.0 0.0 ellipse
524 524 0.0 0.0 ellipse
525 255 0.0 0.0 ellipse
526 526 0.0 0.0 ellipse
527 527 0.0 0.0 ellipse
528 528 0.0 0.0 ellipse
529 529 0.0 0.0 ellipse
530 530 0.0 0.0 ellipse
531 531 0.0 0.0 ellipse
532 532 0.0 0.0 ellipse
533 533 0.0 0.0 ellipse
534 534 0.0 0.0 ellipse
535 535 0.0 0.0 ellipse
536 536 0.0 0.0 ellipse
537 537 0.0 0.0 ellipse
538 538 0.0 0.0 ellipse
539 539 0.0 0.0 ellipse
540 540 0.0 0.0 ellipse
541 541 0.0 0.0 ellipse
542 542 0.0 0.0 ellipse
543 543 0.0 0.0 ellipse
544 544 0.0 0.0 ellipse
545 545 0.0 0.0 ellipse
546 546 0.0 0.0 ellipse
547 547 0.0 0.0 ellipse
548 548 0.0 0.0 ellipse
549 549 0.0 0.0 ellipse
550 550 0.0 0.0 ellipse
551 551 0.0 0.0 ellipse
552 552 0.0 0.0 ellipse
553 553 0.0 0.0 ellipse
554 554 0.0 0.0 ellipse
555 555 0.0 0.0 ellipse
556 556 0.0 0.0 ellipse
557 557 0.0 0.0 ellipse
558 558 0.0 0.0 ellipse
559 559 0.0 0.0 ellipse
560 560 0.0 0.0 ellipse
561 561 0.0 0.0 ellipse
562 562 0.0 0.0 ellipse
563 563 0.0 0.0 ellipse
564 564 0.0 0.0 ellipse
565 565 0.0 0.0 ellipse
566 566 0.0 0.0 ellipse
567 567 0.0 0.0 ellipse
568 568 0.0 0.0 ellipse
569 569 0.0 0.0 ellipse
570 570 0.0 0.0 ellipse
571 571 0.0 0.0 ellipse
572 572 0.0 0.0 ellipse
573 573 0.0 0.0 ellipse
574 574 0.0 0.0 ellipse
575 575 0.0 0.0 ellipse
576 576 0.0 0.0 ellipse
577 577 0.0 0.0 ellipse
578 578 0.0 0.0 ellipse
579 579 0.0 0.0 ellipse
580 580 0.0 0.0 ellipse
581 581 0.0 0.0 ellipse
582 582 0.0 0.0 ellipse
583 583 0.0 0.0 ellipse
584 584 0.0 0.0 ellipse
585 585 0.0 0.0 ellipse
586 586 0.0 0.0 ellipse
587 587 0.0 0.0 ellipse
588 588 0.0 0.0 ellipse
589 589 0.0 0.0 ellipse
590 590 0.0 0.0 ellipse
591 591 0.0 0.0 ellipse
592 592 0.0 0.0 ellipse
593 593 0.0 0.0 ellipse
594 594 0.0 0.0 ellipse
595 595 0.0 0.0 ellipse
596 596 0.0 0.0 ellipse
597 597 0.0 0.0 ellipse
598 598 0.0 0.0 ellipse
599 599 0.0 0.0 ellipse
600 600 0.0 0.0 ellipse
601 601 0.0 0.0 ellipse
602 602 0.0 0.0 ellipse
603 603 0.0 0.0 ellipse
604 604 0.0 0.0 ellipse
605 605 0.0 0.0 ellipse
606 606 0.0 0.0 ellipse
607 607 0.0 0.0 ellipse
608 608 0.0 0.0 ellipse
609 609 0.0 0.0 ellipse
610 610 0.0 0.0 ellipse
611 611 0.0 0.0 ellipse
612 612 0.0 0.0 ellipse
613 613 0.0 0.0 ellipse
614 614 0.0 0.0 ellipse
615 615 0.0 0.0 ellipse
616 616 0.0 0.0 ellipse
617 617 0.0 0.0 ellipse
618 618 0.0 0.0 ellipse
619 619 0.0 0.0 ellipse
620 620 0.0 0.0 ellipse
621 621 0.0 0.0 ellipse
622 622 0.0 0.0 ellipse
623 623 0.0 0.0 ellipse
624 624 0.0 0.0 ellipse
625 625 0.0 0.0 ellipse
626 626 0.0 0.0 ellipse
627 627 0.0 0.0 ellipse
628 628 0.0 0.0 ellipse
629 629 0.0 0.0 ellipse
630 630 0.0 0.0 ellipse
631 631 0.0 0.0 ellipse
632 632 0.0 0.0 ellipse
633 633 0.0 0.0 ellipse
634 634 0.0 0.0 ellipse
635 635 0.0 0.0 ellipse
636 636 0.0 0.0 ellipse
637 637 0.0 0.0 ellipse
638 638 0.0 0.0 ellipse
639 639 0.0 0.0 ellipse
640 640 0.0 0.0 ellipse
641 641 0.0 0.0 ellipse
642 642 0.0 0.0 ellipse
643 643 0.0 0.0 ellipse
644 644 0.0 0.0 ellipse
645 645 0.0 0.0 ellipse
646 646 0.0 0.0 ellipse
647 647 0.0 0.0 ellipse
648 648 0.0 0.0 ellipse
649 649 0.0 0.0 ellipse
650 650 0.0 0.0 ellipse
651 651 0.0 0.0 ellipse
652 652 0.0 0.0 ellipse
653 653 0.0 0.0 ellipse
654 654 0.0 0.0 ellipse
655 655 0.0 0.0 ellipse
656 656 0.0 0.0 ellipse
657 657 0.0 0.0 ellipse
658 658 0.0 0.0 ellipse
659 659 0.0 0.0 ellipse
660 660 0.0 0.0 ellipse
661 661 0.0 0.0 ellipse
662 662 0.0 0.0 ellipse
663 663 0.0 0.0 ellipse
664 664 0.0 0.0 ellipse
665 665 0.0 0.0 ellipse
666 666 0.0 0.0 ellipse
667 667 0.0 0.0 ellipse
668 668 0.0 0.0 ellipse
669 669 0.0 0.0 ellipse
670 670 0.0 0.0 ellipse
671 671 0.0 0.0 ellipse
672 672 0.0 0.0 ellipse
673 673 0.0 0.0 ellipse
674 674 0.0 0.0 ellipse
675 675 0.0 0.0 ellipse
676 676 0.0 0.0 ellipse
677 677 0.0 0.0 ellipse
678 678 0.0 0.0 ellipse
679 679 0.0 0.0 ellipse
680 680 0.0 0.0 ellipse
681 681 0.0 0.0 ellipse
682 682 0.0 0.0 ellipse
683 683 0.0 0.0 ellipse
684 684 0.0 0.0 ellipse
685 685 0.0 0.0 ellipse
686 686 0.0 0.0 ellipse
687 687 0.0 0.0 ellipse
688 688 0.0 0.0 ellipse
689 689 0.0 0.0 ellipse
690 690 0.0 0.0 ellipse
691 691 0.0 0.0 ellipse
692 692 0.0 0.0 ellipse
693 693 0.0 0.0 ellipse
694 694 0.0 0.0 ellipse
695 695 0.0 0.0 ellipse
696 696 0.0 0.0 ellipse
697 697 0.0 0.0 ellipse
698 698 0.0 0.0 ellipse
699 699 0.0 0.0 ellipse
700 700 0.0 0.0 ellipse
701 701 0.0 0.0 ellipse
702 702 0.0 0.0 ellipse
703 703 0.0 0.0 ellipse
704 704 0.0 0.0 ellipse
705 705 0.0 0.0 ellipse
706 706 0.0 0.0 ellipse
707 707 0.0 0.0 ellipse
708 708 0.0 0.0 ellipse
709 709 0.0 0.0 ellipse
710 710 0.0 0.0 ellipse
711 711 0.0 0.0 ellipse
712 712 0.0 0.0 ellipse
713 713 0.0 0.0 ellipse
714 714 0.0 0.0 ellipse
715 715 0.0 0.0 ellipse
716 716 0.0 0.0 ellipse
717 717 0.0 0.0 ellipse
718 718 0.0 0.0 ellipse
719 719 0.0 0.0 ellipse
720 720 0.0 0.0 ellipse
721 721 0.0 0.0 ellipse
722 722 0.0 0.0 ellipse
723 723 0.0 0.0 ellipse
724 724 0.0 0.0 ellipse
725 725 0.0 0.0 ellipse
726 726 0.0 0.0 ellipse
727 727 0.0 0.0 ellipse
728 728 0.0 0.0 ellipse
729 729 0.0 0.0 ellipse
730 730 0.0 0.0 ellipse
731 731 0.0 0.0 ellipse
732 732 0.0 0.0 ellipse
733 733 0.0 0.0 ellipse
734 734 0.0 0.0 ellipse
735 735 0.0 0.0 ellipse
736 736 0.0 0.0 ellipse
737 737 0.0 0.0 ellipse
738 738 0.0 0.0 ellipse
739 739 0.0 0.0 ellipse
740 740 0.0 0.0 ellipse
741 741 0.0 0.0 ellipse
742 742 0.0 0.0 ellipse
743 743 0.0 0.0 ellipse
744 744 0.0 0.0 ellipse
745 745 0.0 0.0 ellipse
746 746 0.0 0.0 ellipse
747 747 0.0 0.0 ellipse
748 748 0.0 0.0 ellipse
749 749 0.0 0.0 ellipse
750 750 0.0 0.0 ellipse
751 751 0.0 0.0 ellipse
752 752 0.0 0.0 ellipse
753 753 0.0 0.0 ellipse
754 754 0.0 0.0 ellipse
755 755 0.0 0.0 ellipse
756 756 0.0 0.0 ellipse
757 757 0.0 0.0 ellipse
758 758 0.0 0.0 ellipse
759 759 0.0 0.0 ellipse
760 760 0.0 0.0 ellipse
761 761 0.0 0.0 ellipse
762 762 0.0 0.0 ellipse
763 763 0.0 0.0 ellipse
764 764 0.0 0.0 ellipse
765 765 0.0 0.0 ellipse
766 766 0.0 0.0 ellipse
767 767 0.0 0.0 ellipse
768 768 0.0 0.0 ellipse
769 769 0.0 0.0 ellipse
770 770 0.0 0.0 ellipse
771 771 0.0 0.0 ellipse
772 772 0.0 0.0 ellipse
773 773 0.0 0.0 ellipse
774 774 0.0 0.0 ellipse
775 775 0.0 0.0 ellipse
776 776 0.0 0.0 ellipse
777 777 0.0 0.0 ellipse
778 778 0.0 0.0 ellipse
779 779 0.0 0.0 ellipse
780 780 0.0 0.0 ellipse
781 781 0.0 0.0 ellipse
782 782 0.0 0.0 ellipse
783 783 0.0 0.0 ellipse
784 784 0.0 0.0 ellipse
785 785 0.0 0.0 ellipse
786 786 0.0 0.0 ellipse
787 787 0.0 0.0 ellipse
788 788 0.0 0.0 ellipse
789 789 0.0 0.0 ellipse
790 790 0.0 0.0 ellipse
791 791 0.0 0.0 ellipse
792 792 0.0 0.0 ellipse
793 793 0.0 0.0 ellipse
794 794 0.0 0.0 ellipse
795 795 0.0 0.0 ellipse
796 796 0.0 0.0 ellipse
797 797 0.0 0.0 ellipse
798 798 0.0 0.0 ellipse
799 799 0.0 0.0 ellipse
800 800 0.0 0.0 ellipse
801 801 0.0 0.0 ellipse
802 802 0.0 0.0 ellipse
803 803 0.0 0.0 ellipse
804 804 0.0 0.0 ellipse
805 805 0.0 0.0 ellipse
806 806 0.0 0.0 ellipse
807 807 0.0 0.0 ellipse
808 808 0.0 0.0 ellipse
809 809 0.0 0.0 ellipse
810 810 0.0 0.0 ellipse
811 811 0.0 0.0 ellipse
812 812 0.0 0.0 ellipse
813 813 0.0 0.0 ellipse
814 814 0.0 0.0 ellipse
815 815 0.0 0.0 ellipse
816 816 0.0 0.0 ellipse
817 817 0.0 0.0 ellipse
818 818 0.0 0.0 ellipse
819 819 0.0 0.0 ellipse
820 820 0.0 0.0 ellipse
821 821 0.0 0.0 ellipse
822 822 0.0 0.0 ellipse
823 823 0.0 0.0 ellipse
824 824 0.0 0.0 ellipse
825 825 0.0 0.0 ellipse
826 826 0.0 0.0 ellipse
827 827 0.0 0.0 ellipse
828 828 0.0 0.0 ellipse
829 829 0.0 0.0 ellipse
830 830 0.0 0.0 ellipse
831 831 0.0 0.0 ellipse
832 832 0.0 0.0 ellipse
833 833 0.0 0.0 ellipse
834 834 0.0 0.0 ellipse
835 835 0.0 0.0 ellipse
836 836 0.0 0.0 ellipse
837 837 0.0 0.0 ellipse
838 838 0.0 0.0 ellipse
839 839 0.0 0.0 ellipse
840 840 0.0 0.0 ellipse
841 841 0.0 0.0 ellipse
842 842 0.0 0.0 ellipse
843 843 0.0 0.0 ellipse
844 844 0.0 0.0 ellipse
845 845 0.0 0.0 ellipse
846 846 0.0 0.0 ellipse
847 847 0.0 0.0 ellipse
848 848 0.0 0.0 ellipse
849 849 0.0 0.0 ellipse
850 850 0.0 0.0 ellipse
851 851 0.0 0.0 ellipse
852 852 0.0 0.0 ellipse
853 853 0.0 0.0 ellipse
854 854 0.0 0.0 ellipse
855 855 0.0 0.0 ellipse
856 856 0.0 0.0 ellipse
857 857 0.0 0.0 ellipse
858 858 0.0 0.0 ellipse
859 859 0.0 0.0 ellipse
860 860 0.0 0.0 ellipse
861 861 0.0 0.0 ellipse
862 862 0.0 0.0 ellipse
863 863 0.0 0.0 ellipse
864 864 0.0 0.0 ellipse
865 865 0.0 0.0 ellipse
866 866 0.0 0.0 ellipse
867 867 0.0 0.0 ellipse
868 868 0.0 0.0 ellipse
869 869 0.0 0.0 ellipse
870 870 0.0 0.0 ellipse
871 871 0.0 0.0 ellipse
872 872 0.0 0.0 ellipse
873 873 0.0 0.0 ellipse
874 874 0.0 0.0 ellipse
875 875 0.0 0.0 ellipse
876 876 0.0 0.0 ellipse
877 877 0.0 0.0 ellipse
878 878 0.0 0.0 ellipse
879 879 0.0 0.0 ellipse
880 880 0.0 0.0 ellipse
881 881 0.0 0.0 ellipse
882 882 0.0 0.0 ellipse
883 883 0.0 0.0 ellipse
884 884 0.0 0.0 ellipse
885 885 0.0 0.0 ellipse
886 886 0.0 0.0 ellipse
887 887 0.0 0.0 ellipse
888 888 0.0 0.0 ellipse
889 889 0.0 0.0 ellipse
890 890 0.0 0.0 ellipse
891 891 0.0 0.0 ellipse
892 892 0.0 0.0 ellipse
893 893 0.0 0.0 ellipse
894 894 0.0 0.0 ellipse
895 895 0.0 0.0 ellipse
896 896 0.0 0.0 ellipse
897 897 0.0 0.0 ellipse
898 898 0.0 0.0 ellipse
899 899 0.0 0.0 ellipse
900 900 0.0 0.0 ellipse
901 901 0.0 0.0 ellipse
902 902 0.0 0.0 ellipse
903 903 0.0 0.0 ellipse
904 904 0.0 0.0 ellipse
905 905 0.0 0.0 ellipse
906 906 0.0 0.0 ellipse
907 907 0.0 0.0 ellipse
908 908 0.0 0.0 ellipse
909 909 0.0 0.0 ellipse
910 910 0.0 0.0 ellipse
911 911 0.0 0.0 ellipse
912 912 0.0 0.0 ellipse
913 913 0.0 0.0 ellipse
914 914 0.0 0.0 ellipse
915 915 0.0 0.0 ellipse
916 916 0.0 0.0 ellipse
917 917 0.0 0.0 ellipse
918 918 0.0 0.0 ellipse
919 919 0.0 0.0 ellipse
920 920 0.0 0.0 ellipse
921 921 0.0 0.0 ellipse
922 922 0.0 0.0 ellipse
923 923 0.0 0.0 ellipse
924 924 0.0 0.0 ellipse
925 925 0.0 0.0 ellipse
926 926 0.0 0.0 ellipse
927 927 0.0 0.0 ellipse
928 928 0.0 0.0 ellipse
929 929 0.0 0.0 ellipse
930 930 0.0 0.0 ellipse
931 931 0.0 0.0 ellipse
932 932 0.0 0.0 ellipse
933 933 0.0 0.0 ellipse
934 934 0.0 0.0 ellipse
935 935 0.0 0.0 ellipse
936 936 0.0 0.0 ellipse
937 937 0.0 0.0 ellipse
938 938 0.0 0.0 ellipse
939 939 0.0 0.0 ellipse
940 940 0.0 0.0 ellipse
941 941 0.0 0.0 ellipse
942 942 0.0 0.0 ellipse
943 943 0.0 0.0 ellipse
944 944 0.0 0.0 ellipse
945 945 0.0 0.0 ellipse
946 946 0.0 0.0 ellipse
947 947 0.0 0.0 ellipse
948 948 0.0 0.0 ellipse
949 949 0.0 0.0 ellipse
950 950 0.0 0.0 ellipse
951 951 0.0 0.0 ellipse
952 952 0.0 0.0 ellipse
953 953 0.0 0.0 ellipse
954 954 0.0 0.0 ellipse
955 955 0.0 0.0 ellipse
956 956 0.0 0.0 ellipse
957 957 0.0 0.0 ellipse
958 958 0.0 0.0 ellipse
959 959 0.0 0.0 ellipse
960 960 0.0 0.0 ellipse
961 961 0.0 0.0 ellipse
962 962 0.0 0.0 ellipse
963 963 0.0 0.0 ellipse
964 964 0.0 0.0 ellipse
965 965 0.0 0.0 ellipse
966 966 0.0 0.0 ellipse
967 967 0.0 0.0 ellipse
968 968 0.0 0.0 ellipse
969 969 0.0 0.0 ellipse
970 970 0.0 0.0 ellipse
971 971 0.0 0.0 ellipse
972 972 0.0 0.0 ellipse
973 973 0.0 0.0 ellipse
974 974 0.0 0.0 ellipse
975 975 0.0 0.0 ellipse
976 976 0.0 0.0 ellipse
977 977 0.0 0.0 ellipse
978 978 0.0 0.0 ellipse
979 979 0.0 0.0 ellipse
980 980 0.0 0.0 ellipse
981 981 0.0 0.0 ellipse
982 982 0.0 0.0 ellipse
983 983 0.0 0.0 ellipse
984 984 0.0 0.0 ellipse
985 985 0.0 0.0 ellipse
986 986 0.0 0.0 ellipse
987 987 0.0 0.0 ellipse
988 988 0.0 0.0 ellipse
989 989 0.0 0.0 ellipse
990 990 0.0 0.0 ellipse
991 991 0.0 0.0 ellipse
992 992 0.0 0.0 ellipse
993 993 0.0 0.0 ellipse
994 994 0.0 0.0 ellipse
995 995 0.0 0.0 ellipse
996 996 0.0 0.0 ellipse
997 997 0.0 0.0 ellipse
998 998 0.0 0.0 ellipse
999 999 0.0 0.0 ellipse
1000 1000 0.0 0.0 ellipse
*edges
1 2 1.0
1 3 1.0
1 4 1.0
1 5 1.0
2 3 1.0
2 4 1.0
2 5 1.0
2 65 1.0
2 76 1.0
2 95 1.0
2 134 1.0
2 339 1.0
3 4 1.0
3 5 1.0
3 10 1.0
3 13 1.0
3 22 1.0
3 24 1.0
3 42 1.0
3 139 1.0
3 203 1.0
3 342 1.0
3 415 1.0
3 560 1.0
3 936 1.0
3 963 1.0
4 5 1.0
4 6 1.0
4 7 1.0
4 9 1.0
4 11 1.0
4 12 1.0
4 13 1.0
4 17 1.0
4 25 1.0
4 27 1.0
4 29 1.0
4 30 1.0
4 34 1.0
4 36 1.0
4 39 1.0
4 42 1.0
4 47 1.0
4 56 1.0
4 63 1.0
4 78 1.0
4 81 1.0
4 121 1.0
4 158 1.0
4 198 1.0
4 215 1.0
4 231 1.0
4 244 1.0
4 298 1.0
4 336 1.0
4 371 1.0
4 392 1.0
4 451 1.0
4 516 1.0
4 640 1.0
4 641 1.0
4 799 1.0
4 828 1.0
4 981 1.0
4 982 1.0
5 14 1.0
5 18 1.0
5 19 1.0
5 20 1.0
5 21 1.0
5 24 1.0
5 26 1.0
5 34 1.0
5 35 1.0
5 52 1.0
5 58 1.0
5 68 1.0
5 71 1.0
5 73 1.0
5 77 1.0
5 81 1.0
5 88 1.0
5 92 1.0
5 100 1.0
5 107 1.0
5 109 1.0
5 116 1.0
5 124 1.0
5 131 1.0
5 136 1.0
5 137 1.0
5 161 1.0
5 170 1.0
5 226 1.0
5 243 1.0
5 250 1.0
5 339 1.0
5 349 1.0
5 368 1.0
5 399 1.0
5 418 1.0
5 424 1.0
5 461 1.0
5 473 1.0
5 480 1.0
5 486 1.0
5 563 1.0
5 599 1.0
5 600 1.0
5 606 1.0
5 635 1.0
5 645 1.0
5 653 1.0
5 655 1.0
5 701 1.0
5 762 1.0
5 765 1.0
5 974 1.0
6 800 1.0
7 29 1.0
7 78 1.0
7 123 1.0
7 129 1.0
7 147 1.0
7 196 1.0
7 316 1.0
7 582 1.0
7 893 1.0
8 9 1.0
8 12 1.0
8 16 1.0
8 28 1.0
8 32 1.0
8 33 1.0
8 36 1.0
8 37 1.0
8 41 1.0
8 50 1.0
8 56 1.0
8 65 1.0
8 72 1.0
8 87 1.0
8 91 1.0
8 94 1.0
8 120 1.0
8 139 1.0
8 144 1.0
8 160 1.0
8 173 1.0
8 176 1.0
8 183 1.0
8 206 1.0
8 210 1.0
8 219 1.0
8 222 1.0
8 253 1.0
8 256 1.0
8 270 1.0
8 272 1.0
8 279 1.0
8 319 1.0
8 330 1.0
8 357 1.0
8 358 1.0
8 360 1.0
8 367 1.0
8 377 1.0
8 378 1.0
8 394 1.0
8 446 1.0
8 456 1.0
8 490 1.0
8 509 1.0
8 519 1.0
8 565 1.0
8 611 1.0
8 660 1.0
8 663 1.0
8 771 1.0
8 808 1.0
8 832 1.0
8 844 1.0
8 902 1.0
8 931 1.0
8 990 1.0
8 993 1.0
9 11 1.0
9 15 1.0
9 30 1.0
9 35 1.0
9 44 1.0
9 62 1.0
9 64 1.0
9 70 1.0
9 74 1.0
9 79 1.0
9 99 1.0
9 113 1.0
9 134 1.0
9 166 1.0
9 188 1.0
9 240 1.0
9 263 1.0
9 288 1.0
9 297 1.0
9 351 1.0
9 405 1.0
9 413 1.0
9 457 1.0
9 461 1.0
9 462 1.0
9 463 1.0
9 470 1.0
9 482 1.0
9 488 1.0
9 492 1.0
9 507 1.0
9 568 1.0
9 607 1.0
9 608 1.0
9 660 1.0
9 708 1.0
9 714 1.0
9 718 1.0
9 736 1.0
9 771 1.0
9 778 1.0
9 883 1.0
9 888 1.0
9 896 1.0
9 942 1.0
9 961 1.0
10 16 1.0
11 38 1.0
11 53 1.0
11 108 1.0
11 174 1.0
11 299 1.0
11 398 1.0
11 445 1.0
11 532 1.0
11 565 1.0
12 189 1.0
12 240 1.0
12 304 1.0
12 454 1.0
12 556 1.0
12 585 1.0
12 636 1.0
12 696 1.0
12 742 1.0
12 889 1.0
13 17 1.0
13 18 1.0
13 46 1.0
13 50 1.0
13 95 1.0
13 98 1.0
13 105 1.0
13 129 1.0
13 147 1.0
13 150 1.0
13 212 1.0
13 251 1.0
13 266 1.0
13 295 1.0
13 332 1.0
13 334 1.0
13 383 1.0
13 440 1.0
13 604 1.0
13 617 1.0
13 634 1.0
13 841 1.0
13 859 1.0
13 928 1.0
13 941 1.0
14 949 1.0
15 26 1.0
15 61 1.0
15 458 1.0
16 21 1.0
16 43 1.0
16 110 1.0
16 112 1.0
16 148 1.0
16 153 1.0
16 213 1.0
16 296 1.0
16 364 1.0
16 428 1.0
16 435 1.0
16 526 1.0
16 545 1.0
16 614 1.0
16 690 1.0
16 725 1.0
16 748 1.0
16 765 1.0
16 836 1.0
16 846 1.0
16 871 1.0
16 878 1.0
16 891 1.0
17 28 1.0
17 43 1.0
17 59 1.0
17 67 1.0
17 71 1.0
17 73 1.0
17 155 1.0
17 164 1.0
17 228 1.0
17 265 1.0
17 269 1.0
17 278 1.0
17 328 1.0
17 370 1.0
17 422 1.0
17 423 1.0
17 449 1.0
17 531 1.0
17 537 1.0
17 600 1.0
17 623 1.0
17 635 1.0
17 646 1.0
17 678 1.0
17 688 1.0
17 759 1.0
17 801 1.0
17 875 1.0
17 888 1.0
17 953 1.0
18 201 1.0
18 471 1.0
18 538 1.0
18 643 1.0
18 798 1.0
18 817 1.0
19 25 1.0
19 38 1.0
19 41 1.0
19 47 1.0
19 51 1.0
19 60 1.0
19 66 1.0
19 68 1.0
19 80 1.0
19 99 1.0
19 105 1.0
19 111 1.0
19 126 1.0
19 146 1.0
19 156 1.0
19 175 1.0
19 191 1.0
19 202 1.0
19 226 1.0
19 233 1.0
19 235 1.0
19 265 1.0
19 284 1.0
19 291 1.0
19 307 1.0
19 318 1.0
19 326 1.0
19 346 1.0
19 349 1.0
19 407 1.0
19 430 1.0
19 439 1.0
19 485 1.0
19 491 1.0
19 550 1.0
19 578 1.0
19 586 1.0
19 617 1.0
19 696 1.0
19 760 1.0
19 777 1.0
19 785 1.0
19 793 1.0
19 802 1.0
19 850 1.0
19 861 1.0
19 884 1.0
19 923 1.0
19 958 1.0
19 970 1.0
20 52 1.0
20 194 1.0
20 276 1.0
20 294 1.0
20 319 1.0
20 446 1.0
20 576 1.0
20 930 1.0
20 945 1.0
21 145 1.0
21 360 1.0
21 437 1.0
21 638 1.0
22 23 1.0
22 40 1.0
22 70 1.0
22 79 1.0
22 88 1.0
22 102 1.0
22 111 1.0
22 143 1.0
22 158 1.0
22 195 1.0
22 221 1.0
22 277 1.0
22 372 1.0
22 384 1.0
22 466 1.0
22 499 1.0
22 555 1.0
22 564 1.0
22 622 1.0
22 676 1.0
22 683 1.0
22 711 1.0
22 787 1.0
22 796 1.0
22 908 1.0
22 913 1.0
22 952 1.0
22 991 1.0
23 27 1.0
23 58 1.0
23 85 1.0
23 92 1.0
23 192 1.0
23 199 1.0
23 200 1.0
23 202 1.0
23 224 1.0
23 225 1.0
23 231 1.0
23 259 1.0
23 274 1.0
23 288 1.0
23 331 1.0
23 337 1.0
23 347 1.0
23 400 1.0
23 414 1.0
23 425 1.0
23 441 1.0
23 471 1.0
23 473 1.0
23 503 1.0
23 550 1.0
23 618 1.0
23 626 1.0
23 628 1.0
23 729 1.0
23 763 1.0
23 810 1.0
23 885 1.0
23 930 1.0
23 965 1.0
23 982 1.0
23 989 1.0
23 996 1.0
24 266 1.0
24 278 1.0
24 410 1.0
25 60 1.0
25 331 1.0
25 472 1.0
25 495 1.0
25 558 1.0
25 695 1.0
25 887 1.0
25 909 1.0
26 411 1.0
26 486 1.0
26 595 1.0
26 619 1.0
26 782 1.0
26 832 1.0
27 90 1.0
27 104 1.0
27 165 1.0
27 174 1.0
27 317 1.0
27 455 1.0
27 684 1.0
27 735 1.0
28 33 1.0
28 57 1.0
28 75 1.0
28 140 1.0
28 191 1.0
28 207 1.0
28 325 1.0
28 347 1.0
28 744 1.0
28 839 1.0
29 37 1.0
29 63 1.0
29 64 1.0
29 103 1.0
29 120 1.0
29 127 1.0
29 133 1.0
29 143 1.0
29 173 1.0
29 184 1.0
29 210 1.0
29 280 1.0
29 289 1.0
29 329 1.0
29 403 1.0
29 444 1.0
29 484 1.0
29 601 1.0
29 749 1.0
29 775 1.0
29 780 1.0
30 154 1.0
30 498 1.0
30 726 1.0
30 823 1.0
30 920 1.0
31 32 1.0
31 45 1.0
31 48 1.0
31 62 1.0
31 127 1.0
31 128 1.0
31 192 1.0
31 257 1.0
31 277 1.0
31 293 1.0
31 307 1.0
31 330 1.0
31 425 1.0
31 598 1.0
31 627 1.0
31 656 1.0
31 767 1.0
31 792 1.0
31 797 1.0
31 956 1.0
32 46 1.0
32 93 1.0
32 118 1.0
32 142 1.0
32 181 1.0
32 239 1.0
32 241 1.0
32 270 1.0
32 338 1.0
32 452 1.0
32 571 1.0
32 573 1.0
32 813 1.0
32 877 1.0
32 989 1.0
33 45 1.0
33 69 1.0
33 138 1.0
33 177 1.0
33 223 1.0
33 912 1.0
34 940 1.0
35 39 1.0
35 994 1.0
36 117 1.0
36 123 1.0
36 133 1.0
36 140 1.0
36 151 1.0
36 163 1.0
36 197 1.0
36 258 1.0
36 345 1.0
36 352 1.0
36 363 1.0
36 377 1.0
36 396 1.0
36 476 1.0
36 497 1.0
36 534 1.0
36 541 1.0
36 599 1.0
36 907 1.0
37 161 1.0
37 165 1.0
37 236 1.0
37 476 1.0
37 663 1.0
37 759 1.0
38 137 1.0
38 227 1.0
38 301 1.0
38 462 1.0
38 512 1.0
38 515 1.0
38 576 1.0
38 636 1.0
38 754 1.0
38 758 1.0
38 796 1.0
38 824 1.0
39 55 1.0
39 108 1.0
39 287 1.0
39 324 1.0
39 399 1.0
39 575 1.0
39 646 1.0
39 761 1.0
40 119 1.0
40 385 1.0
40 445 1.0
41 113 1.0
41 217 1.0
41 225 1.0
41 573 1.0
42 84 1.0
42 86 1.0
42 282 1.0
42 350 1.0
42 373 1.0
42 435 1.0
42 450 1.0
42 689 1.0
42 749 1.0
42 788 1.0
42 795 1.0
42 810 1.0
42 984 1.0
42 990 1.0
43 97 1.0
43 115 1.0
43 171 1.0
43 244 1.0
43 271 1.0
43 800 1.0
43 860 1.0
43 938 1.0
44 57 1.0
44 152 1.0
44 290 1.0
44 902 1.0
45 49 1.0
45 61 1.0
46 48 1.0
46 193 1.0
46 292 1.0
46 336 1.0
46 356 1.0
46 404 1.0
46 454 1.0
46 574 1.0
46 792 1.0
46 929 1.0
47 101 1.0
47 162 1.0
47 260 1.0
47 412 1.0
47 540 1.0
47 953 1.0
48 51 1.0
48 106 1.0
48 502 1.0
48 507 1.0
48 508 1.0
48 632 1.0
48 752 1.0
48 848 1.0
48 903 1.0
48 962 1.0
48 967 1.0
49 87 1.0
50 55 1.0
50 86 1.0
50 401 1.0
50 475 1.0
50 922 1.0
51 67 1.0
51 101 1.0
51 141 1.0
51 190 1.0
51 200 1.0
51 212 1.0
51 433 1.0
51 451 1.0
51 479 1.0
51 747 1.0
51 788 1.0
52 66 1.0
52 83 1.0
52 90 1.0
52 180 1.0
52 300 1.0
52 389 1.0
52 513 1.0
52 615 1.0
52 803 1.0
52 853 1.0
52 939 1.0
52 950 1.0
52 984 1.0
53 54 1.0
53 69 1.0
53 184 1.0
53 229 1.0
53 306 1.0
53 343 1.0
53 417 1.0
53 459 1.0
53 783 1.0
53 869 1.0
54 59 1.0
54 234 1.0
54 246 1.0
54 249 1.0
54 342 1.0
54 393 1.0
54 546 1.0
54 603 1.0
54 639 1.0
54 643 1.0
54 709 1.0
54 801 1.0
54 857 1.0
55 122 1.0
55 209 1.0
55 243 1.0
55 246 1.0
55 261 1.0
55 333 1.0
55 442 1.0
55 527 1.0
55 678 1.0
55 886 1.0
55 904 1.0
56 117 1.0
56 153 1.0
56 175 1.0
56 185 1.0
56 374 1.0
56 408 1.0
56 631 1.0
56 870 1.0
56 877 1.0
56 932 1.0
57 97 1.0
57 197 1.0
57 273 1.0
57 524 1.0
58 74 1.0
58 118 1.0
58 142 1.0
58 220 1.0
58 262 1.0
58 392 1.0
58 395 1.0
58 436 1.0
58 616 1.0
58 642 1.0
58 716 1.0
58 826 1.0
59 241 1.0
59 268 1.0
59 402 1.0
59 727 1.0
59 783 1.0
60 146 1.0
60 478 1.0
60 703 1.0
60 862 1.0
61 404 1.0
61 730 1.0
62 148 1.0
62 181 1.0
62 211 1.0
62 254 1.0
62 262 1.0
62 297 1.0
62 511 1.0
62 540 1.0
62 570 1.0
62 587 1.0
62 662 1.0
62 772 1.0
63 75 1.0
63 77 1.0
63 83 1.0
63 104 1.0
63 110 1.0
63 128 1.0
63 136 1.0
63 164 1.0
63 176 1.0
63 195 1.0
63 198 1.0
63 221 1.0
63 232 1.0
63 233 1.0
63 252 1.0
63 290 1.0
63 366 1.0
63 585 1.0
63 602 1.0
63 658 1.0
63 688 1.0
63 816 1.0
63 920 1.0
63 922 1.0
63 924 1.0
63 976 1.0
63 979 1.0
63 992 1.0
64 82 1.0
64 89 1.0
64 172 1.0
64 190 1.0
64 223 1.0
64 238 1.0
64 365 1.0
64 538 1.0
64 629 1.0
64 666 1.0
64 681 1.0
64 820 1.0
64 864 1.0
65 178 1.0
65 245 1.0
65 547 1.0
65 628 1.0
65 870 1.0
65 918 1.0
65 999 1.0
66 82 1.0
66 154 1.0
66 187 1.0
66 294 1.0
66 326 1.0
66 483 1.0
66 557 1.0
66 572 1.0
66 677 1.0
66 879 1.0
66 979 1.0
67 80 1.0
67 91 1.0
67 170 1.0
67 245 1.0
67 274 1.0
67 474 1.0
67 880 1.0
67 892 1.0
68 96 1.0
69 283 1.0
69 379 1.0
69 465 1.0
69 557 1.0
69 613 1.0
69 620 1.0
69 665 1.0
69 670 1.0
69 833 1.0
69 972 1.0
70 107 1.0
70 186 1.0
70 196 1.0
70 217 1.0
70 303 1.0
70 308 1.0
70 420 1.0
70 468 1.0
70 536 1.0
70 900 1.0
70 935 1.0
71 89 1.0
71 98 1.0
71 250 1.0
71 448 1.0
73 171 1.0
73 352 1.0
73 441 1.0
74 102 1.0
74 144 1.0
74 169 1.0
74 220 1.0
74 264 1.0
74 317 1.0
74 341 1.0
74 356 1.0
74 390 1.0
74 625 1.0
74 690 1.0
74 704 1.0
74 814 1.0
75 106 1.0
75 193 1.0
75 413 1.0
75 618 1.0
75 675 1.0
75 821 1.0
76 968 1.0
77 194 1.0
78 166 1.0
78 168 1.0
78 296 1.0
78 323 1.0
78 485 1.0
78 542 1.0
78 977 1.0
79 100 1.0
79 510 1.0
79 997 1.0
80 125 1.0
80 289 1.0
80 608 1.0
82 986 1.0
83 85 1.0
83 124 1.0
83 125 1.0
83 141 1.0
83 159 1.0
83 162 1.0
83 167 1.0
83 208 1.0
83 267 1.0
83 286 1.0
83 315 1.0
83 361 1.0
83 369 1.0
83 387 1.0
83 393 1.0
83 467 1.0
83 480 1.0
83 482 1.0
83 534 1.0
83 548 1.0
83 605 1.0
83 898 1.0
83 919 1.0
83 976 1.0
84 189 1.0
84 379 1.0
84 558 1.0
85 215 1.0
85 224 1.0
85 383 1.0
85 443 1.0
85 692 1.0
85 935 1.0
86 93 1.0
86 122 1.0
86 130 1.0
86 178 1.0
86 281 1.0
86 344 1.0
86 355 1.0
86 367 1.0
86 408 1.0
86 523 1.0
86 684 1.0
86 821 1.0
86 995 1.0
88 304 1.0
88 394 1.0
88 542 1.0
88 755 1.0
89 145 1.0
89 400 1.0
89 785 1.0
90 115 1.0
90 160 1.0
90 322 1.0
90 355 1.0
90 432 1.0
90 835 1.0
91 205 1.0
91 578 1.0
92 263 1.0
92 450 1.0
93 96 1.0
93 116 1.0
93 157 1.0
93 183 1.0
93 405 1.0
93 414 1.0
93 434 1.0
93 597 1.0
93 661 1.0
93 739 1.0
95 103 1.0
95 135 1.0
95 273 1.0
95 634 1.0
95 657 1.0
95 887 1.0
96 412 1.0
96 539 1.0
96 680 1.0
96 808 1.0
97 303 1.0
97 616 1.0
97 686 1.0
97 913 1.0
98 561 1.0
99 114 1.0
99 119 1.0
99 472 1.0
99 855 1.0
100 209 1.0
100 218 1.0
101 114 1.0
101 899 1.0
102 612 1.0
102 644 1.0
103 261 1.0
103 309 1.0
105 201 1.0
105 320 1.0
105 706 1.0
105 858 1.0
106 121 1.0
106 311 1.0
106 333 1.0
106 397 1.0
106 824 1.0
106 973 1.0
107 229 1.0
107 312 1.0
107 364 1.0
107 430 1.0
107 491 1.0
107 528 1.0
107 699 1.0
108 112 1.0
108 126 1.0
108 362 1.0
108 455 1.0
108 530 1.0
108 853 1.0
108 933 1.0
108 958 1.0
108 973 1.0
109 310 1.0
109 419 1.0
109 522 1.0
110 448 1.0
112 138 1.0
112 205 1.0
112 214 1.0
112 639 1.0
112 896 1.0
113 203 1.0
113 313 1.0
113 329 1.0
113 489 1.0
113 521 1.0
113 543 1.0
113 594 1.0
113 784 1.0
114 206 1.0
114 237 1.0
114 312 1.0
114 344 1.0
114 416 1.0
114 716 1.0
114 762 1.0
114 790 1.0
114 865 1.0
115 258 1.0
116 159 1.0
116 396 1.0
116 500 1.0
116 501 1.0
116 637 1.0
116 816 1.0
117 157 1.0
117 163 1.0
117 409 1.0
117 905 1.0
118 603 1.0
119 734 1.0
120 132 1.0
120 188 1.0
120 251 1.0
120 439 1.0
120 745 1.0
120 893 1.0
120 983 1.0
121 130 1.0
121 389 1.0
121 429 1.0
121 437 1.0
121 529 1.0
121 563 1.0
121 734 1.0
121 969 1.0
122 172 1.0
122 185 1.0
122 495 1.0
122 551 1.0
123 514 1.0
123 594 1.0
123 642 1.0
123 819 1.0
125 131 1.0
125 152 1.0
125 494 1.0
126 546 1.0
127 280 1.0
127 591 1.0
127 927 1.0
128 316 1.0
128 469 1.0
128 581 1.0
129 748 1.0
130 135 1.0
130 168 1.0
130 238 1.0
130 372 1.0
130 409 1.0
130 474 1.0
130 481 1.0
130 596 1.0
130 885 1.0
130 934 1.0
131 793 1.0
132 633 1.0
132 919 1.0
135 281 1.0
135 526 1.0
136 676 1.0
136 689 1.0
136 728 1.0
137 315 1.0
138 150 1.0
138 242 1.0
138 452 1.0
138 584 1.0
138 591 1.0
138 977 1.0
139 264 1.0
139 431 1.0
139 680 1.0
140 182 1.0
141 375 1.0
141 517 1.0
141 994 1.0
142 155 1.0
142 259 1.0
142 686 1.0
143 149 1.0
143 204 1.0
143 332 1.0
144 149 1.0
144 213 1.0
144 216 1.0
144 545 1.0
144 562 1.0
144 659 1.0
144 898 1.0
144 960 1.0
145 354 1.0
145 797 1.0
146 156 1.0
146 239 1.0
146 729 1.0
147 323 1.0
147 707 1.0
148 509 1.0
148 554 1.0
148 774 1.0
148 786 1.0
148 822 1.0
149 964 1.0
150 704 1.0
150 737 1.0
152 779 1.0
153 530 1.0
154 269 1.0
155 182 1.0
155 338 1.0
155 483 1.0
156 204 1.0
156 891 1.0
157 208 1.0
158 211 1.0
158 337 1.0
158 580 1.0
158 837 1.0
159 815 1.0
160 167 1.0
160 177 1.0
160 386 1.0
160 426 1.0
160 456 1.0
160 477 1.0
160 566 1.0
160 757 1.0
160 778 1.0
160 858 1.0
160 915 1.0
161 865 1.0
162 230 1.0
162 247 1.0
162 363 1.0
162 381 1.0
162 403 1.0
162 536 1.0
162 553 1.0
162 722 1.0
162 740 1.0
162 760 1.0
162 822 1.0
162 872 1.0
162 947 1.0
162 980 1.0
163 179 1.0
163 236 1.0
163 637 1.0
163 829 1.0
164 257 1.0
164 682 1.0
166 169 1.0
166 232 1.0
166 237 1.0
166 275 1.0
166 298 1.0
166 378 1.0
166 496 1.0
166 613 1.0
166 723 1.0
166 837 1.0
166 912 1.0
166 938 1.0
167 218 1.0
167 365 1.0
167 505 1.0
167 854 1.0
167 921 1.0
168 627 1.0
168 705 1.0
169 479 1.0
169 768 1.0
170 180 1.0
170 249 1.0
170 478 1.0
171 179 1.0
171 699 1.0
172 222 1.0
172 327 1.0
172 353 1.0
172 433 1.0
172 697 1.0
172 895 1.0
174 308 1.0
175 199 1.0
175 214 1.0
175 216 1.0
175 284 1.0
175 460 1.0
175 464 1.0
175 533 1.0
175 715 1.0
175 873 1.0
176 272 1.0
176 300 1.0
176 442 1.0
176 505 1.0
176 626 1.0
176 652 1.0
177 242 1.0
177 449 1.0
177 582 1.0
177 708 1.0
177 741 1.0
178 700 1.0
179 868 1.0
180 267 1.0
180 283 1.0
180 535 1.0
181 328 1.0
181 518 1.0
182 234 1.0
182 252 1.0
182 417 1.0
182 484 1.0
182 601 1.0
182 649 1.0
182 811 1.0
182 986 1.0
184 395 1.0
184 956 1.0
185 187 1.0
185 285 1.0
185 620 1.0
185 714 1.0
185 826 1.0
189 228 1.0
189 460 1.0
189 872 1.0
190 572 1.0
191 219 1.0
191 371 1.0
191 496 1.0
191 587 1.0
191 621 1.0
191 746 1.0
192 325 1.0
193 260 1.0
193 309 1.0
193 345 1.0
193 366 1.0
193 705 1.0
194 230 1.0
194 276 1.0
194 569 1.0
194 621 1.0
194 668 1.0
194 852 1.0
194 914 1.0
195 305 1.0
195 321 1.0
197 207 1.0
197 610 1.0
199 382 1.0
201 248 1.0
201 302 1.0
201 453 1.0
201 470 1.0
202 322 1.0
202 346 1.0
202 751 1.0
202 833 1.0
203 313 1.0
203 353 1.0
203 357 1.0
203 654 1.0
203 964 1.0
205 340 1.0
206 469 1.0
206 580 1.0
206 726 1.0
206 804 1.0
206 862 1.0
207 666 1.0
208 418 1.0
208 519 1.0
208 640 1.0
208 679 1.0
209 559 1.0
209 712 1.0
210 301 1.0
210 438 1.0
210 992 1.0
211 438 1.0
213 766 1.0
214 481 1.0
214 528 1.0
215 287 1.0
215 719 1.0
217 235 1.0
217 407 1.0
217 426 1.0
217 490 1.0
217 523 1.0
217 589 1.0
217 655 1.0
218 391 1.0
218 932 1.0
219 335 1.0
220 447 1.0
220 596 1.0
220 806 1.0
220 875 1.0
222 625 1.0
222 910 1.0
223 248 1.0
223 253 1.0
223 406 1.0
224 335 1.0
224 645 1.0
225 275 1.0
225 292 1.0
225 299 1.0
225 424 1.0
225 458 1.0
225 508 1.0
226 504 1.0
227 402 1.0
229 285 1.0
229 348 1.0
229 415 1.0
229 516 1.0
229 544 1.0
229 905 1.0
230 649 1.0
230 911 1.0
232 770 1.0
233 256 1.0
233 293 1.0
233 388 1.0
233 579 1.0
233 740 1.0
236 423 1.0
236 781 1.0
237 756 1.0
239 291 1.0
239 380 1.0
239 504 1.0
239 511 1.0
239 602 1.0
239 795 1.0
239 971 1.0
240 268 1.0
240 493 1.0
240 515 1.0
240 544 1.0
240 681 1.0
240 820 1.0
241 492 1.0
241 679 1.0
241 957 1.0
242 374 1.0
242 380 1.0
242 564 1.0
242 629 1.0
242 694 1.0
242 841 1.0
245 362 1.0
246 279 1.0
246 311 1.0
246 387 1.0
246 850 1.0
248 624 1.0
249 286 1.0
249 665 1.0
250 314 1.0
251 674 1.0
252 310 1.0
252 531 1.0
252 715 1.0
252 854 1.0
253 569 1.0
254 255 1.0
254 768 1.0
255 354 1.0
255 761 1.0
255 952 1.0
256 884 1.0
257 271 1.0
257 552 1.0
259 444 1.0
259 577 1.0
259 667 1.0
259 776 1.0
259 842 1.0
259 890 1.0
259 960 1.0
260 350 1.0
260 373 1.0
260 549 1.0
260 630 1.0
260 925 1.0
261 522 1.0
263 574 1.0
263 647 1.0
264 874 1.0
265 282 1.0
265 359 1.0
265 382 1.0
265 434 1.0
265 459 1.0
265 548 1.0
265 592 1.0
265 633 1.0
265 667 1.0
265 842 1.0
265 857 1.0
265 997 1.0
266 741 1.0
267 385 1.0
267 710 1.0
268 999 1.0
269 295 1.0
270 443 1.0
270 506 1.0
271 320 1.0
271 334 1.0
271 671 1.0
273 675 1.0
273 805 1.0
274 764 1.0
275 314 1.0
275 351 1.0
275 503 1.0
277 427 1.0
277 766 1.0
278 361 1.0
279 907 1.0
280 321 1.0
280 388 1.0
280 466 1.0
280 662 1.0
280 803 1.0
280 834 1.0
280 846 1.0
281 422 1.0
281 732 1.0
283 302 1.0
284 431 1.0
284 647 1.0
284 712 1.0
286 401 1.0
287 305 1.0
287 836 1.0
288 340 1.0
288 876 1.0
290 691 1.0
290 866 1.0
291 957 1.0
292 343 1.0
292 651 1.0
292 758 1.0
294 386 1.0
296 306 1.0
296 614 1.0
296 671 1.0
298 358 1.0
299 318 1.0
299 324 1.0
299 693 1.0
299 814 1.0
299 926 1.0
300 506 1.0
301 497 1.0
302 981 1.0
303 498 1.0
304 547 1.0
305 489 1.0
306 341 1.0
307 644 1.0
307 963 1.0
308 827 1.0
311 567 1.0
311 779 1.0
312 390 1.0
312 514 1.0
312 648 1.0
313 488 1.0
314 566 1.0
314 610 1.0
314 799 1.0
315 348 1.0
315 685 1.0
315 751 1.0
316 673 1.0
316 744 1.0
317 327 1.0
317 375 1.0
317 517 1.0
318 782 1.0
318 876 1.0
319 376 1.0
319 624 1.0
319 998 1.0
320 871 1.0
323 554 1.0
324 359 1.0
325 477 1.0
327 717 1.0
328 453 1.0
328 802 1.0
328 903 1.0
329 605 1.0
329 813 1.0
330 661 1.0
334 552 1.0
334 780 1.0
335 376 1.0
335 772 1.0
336 384 1.0
337 738 1.0
337 880 1.0
338 659 1.0
338 731 1.0
342 623 1.0
342 859 1.0
342 881 1.0
342 944 1.0
343 421 1.0
343 440 1.0
344 521 1.0
344 527 1.0
344 864 1.0
345 391 1.0
345 502 1.0
345 570 1.0
345 906 1.0
348 609 1.0
348 737 1.0
349 825 1.0
351 630 1.0
351 940 1.0
353 835 1.0
355 421 1.0
356 369 1.0
356 581 1.0
356 847 1.0
357 411 1.0
357 809 1.0
359 900 1.0
361 419 1.0
361 465 1.0
362 368 1.0
363 398 1.0
363 588 1.0
363 668 1.0
363 702 1.0
364 370 1.0
364 429 1.0
364 743 1.0
364 924 1.0
365 420 1.0
367 575 1.0
367 612 1.0
367 745 1.0
367 879 1.0
367 906 1.0
367 917 1.0
368 436 1.0
368 669 1.0
368 929 1.0
368 936 1.0
371 381 1.0
371 406 1.0
373 541 1.0
373 968 1.0
376 410 1.0
376 416 1.0
377 743 1.0
378 463 1.0
378 535 1.0
379 397 1.0
380 464 1.0
380 512 1.0
380 658 1.0
380 951 1.0
381 428 1.0
382 590 1.0
382 867 1.0
383 650 1.0
384 843 1.0
384 949 1.0
386 500 1.0
386 543 1.0
387 487 1.0
387 894 1.0
388 427 1.0
389 513 1.0
389 567 1.0
389 798 1.0
391 501 1.0
392 586 1.0
392 589 1.0
392 595 1.0
393 598 1.0
394 723 1.0
395 611 1.0
397 718 1.0
397 769 1.0
397 807 1.0
400 555 1.0
403 839 1.0
406 845 1.0
407 447 1.0
408 467 1.0
408 493 1.0
410 720 1.0
410 863 1.0
412 556 1.0
413 579 1.0
413 873 1.0
413 927 1.0
417 457 1.0
419 520 1.0
421 432 1.0
421 494 1.0
421 568 1.0
422 733 1.0
423 549 1.0
423 672 1.0
424 767 1.0
425 972 1.0
425 978 1.0
426 975 1.0
428 475 1.0
428 721 1.0
428 791 1.0
430 604 1.0
430 948 1.0
431 939 1.0
432 886 1.0
441 683 1.0
441 983 1.0
442 673 1.0
446 487 1.0
446 733 1.0
446 806 1.0
446 937 1.0
447 755 1.0
448 561 1.0
448 713 1.0
449 687 1.0
451 597 1.0
451 631 1.0
451 702 1.0
451 937 1.0
453 730 1.0
454 648 1.0
454 901 1.0
455 819 1.0
456 674 1.0
456 860 1.0
457 468 1.0
457 583 1.0
457 592 1.0
458 532 1.0
458 706 1.0
459 701 1.0
460 909 1.0
462 533 1.0
465 966 1.0
466 838 1.0
468 698 1.0
469 529 1.0
470 719 1.0
470 945 1.0
471 539 1.0
471 622 1.0
473 657 1.0
476 697 1.0
476 789 1.0
476 794 1.0
478 656 1.0
478 916 1.0
479 878 1.0
482 510 1.0
482 786 1.0
482 894 1.0
482 950 1.0
483 770 1.0
483 883 1.0
491 921 1.0
491 955 1.0
493 499 1.0
494 848 1.0
494 962 1.0
494 988 1.0
495 518 1.0
496 829 1.0
499 677 1.0
505 559 1.0
506 804 1.0
506 869 1.0
507 571 1.0
507 632 1.0
508 769 1.0
508 852 1.0
508 881 1.0
509 593 1.0
509 654 1.0
509 784 1.0
509 809 1.0
510 664 1.0
512 911 1.0
514 641 1.0
514 650 1.0
514 969 1.0
515 537 1.0
517 560 1.0
518 638 1.0
519 669 1.0
521 750 1.0
522 897 1.0
524 525 1.0
524 593 1.0
524 717 1.0
525 980 1.0
528 827 1.0
530 882 1.0
533 553 1.0
533 590 1.0
533 773 1.0
533 996 1.0
539 619 1.0
541 687 1.0
542 583 1.0
542 584 1.0
542 682 1.0
542 721 1.0
542 763 1.0
542 908 1.0
545 794 1.0
552 606 1.0
552 651 1.0
553 577 1.0
554 931 1.0
554 954 1.0
556 652 1.0
559 670 1.0
561 607 1.0
561 756 1.0
561 764 1.0
563 781 1.0
563 916 1.0
564 664 1.0
566 747 1.0
570 691 1.0
570 698 1.0
570 703 1.0
571 685 1.0
572 695 1.0
573 653 1.0
574 707 1.0
575 735 1.0
576 948 1.0
577 790 1.0
580 847 1.0
581 746 1.0
582 588 1.0
582 736 1.0
584 672 1.0
586 615 1.0
586 776 1.0
586 856 1.0
586 874 1.0
588 998 1.0
590 915 1.0
591 861 1.0
591 1000 1.0
593 753 1.0
593 773 1.0
594 692 1.0
595 609 1.0
599 817 1.0
599 834 1.0
604 753 1.0
605 724 1.0
606 693 1.0
607 918 1.0
609 713 1.0
609 892 1.0
613 725 1.0
614 825 1.0
615 720 1.0
615 727 1.0
615 904 1.0
617 851 1.0
619 840 1.0
620 694 1.0
620 750 1.0
620 959 1.0
621 831 1.0
621 946 1.0
626 975 1.0
633 849 1.0
640 789 1.0
640 818 1.0
645 731 1.0
647 995 1.0
649 710 1.0
649 993 1.0
650 811 1.0
650 925 1.0
655 978 1.0
657 738 1.0
658 711 1.0
658 774 1.0
658 843 1.0
659 828 1.0
662 724 1.0
662 752 1.0
662 787 1.0
662 866 1.0
664 895 1.0
667 943 1.0
668 700 1.0
669 805 1.0
677 742 1.0
677 934 1.0
678 951 1.0
680 856 1.0
680 947 1.0
685 818 1.0
685 890 1.0
691 831 1.0
695 722 1.0
697 709 1.0
699 812 1.0
701 867 1.0
702 754 1.0
705 988 1.0
706 815 1.0
706 838 1.0
707 757 1.0
708 791 1.0
712 812 1.0
719 739 1.0
722 728 1.0
722 840 1.0
722 845 1.0
725 928 1.0
726 775 1.0
729 732 1.0
729 807 1.0
729 965 1.0
730 844 1.0
734 849 1.0
735 777 1.0
742 889 1.0
743 961 1.0
758 863 1.0
758 923 1.0
763 899 1.0
763 985 1.0
771 868 1.0
771 987 1.0
788 823 1.0
790 933 1.0
792 944 1.0
794 959 1.0
796 966 1.0
797 855 1.0
802 974 1.0
803 942 1.0
806 901 1.0
808 830 1.0
812 917 1.0
816 851 1.0
819 830 1.0
823 954 1.0
835 941 1.0
841 985 1.0
843 967 1.0
844 1000 1.0
850 882 1.0
861 946 1.0
864 955 1.0
866 910 1.0
866 926 1.0
879 897 1.0
881 991 1.0
904 970 1.0
905 914 1.0
905 943 1.0
927 987 1.0
966 971 1.0
