*vertices 1000
1 0 0.0 0.0 ellipse
2 1 0.0 0.0 ellipse
3 2 0.0 0.0 ellipse
4 3 0.0 0.0 ellipse
5 4 0.0 0.0 ellipse
6 6 0.0 0.0 ellipse
7 7 0.0 0.0 ellipse
8 5 0.0 0.0 ellipse
9 9 0.0 0.0 ellipse
10 10 0.0 0.0 ellipse
11 11 0.0 0.0 ellipse
12 12 0.0 0.0 ellipse
13 13 0.0 0.0 ellipse
14 14 0.0 0.0 ellipse
15 15 0.0 0.0 ellipse
16 16 0.0 0.0 ellipse
17 17 0.0 0.0 ellipse
18 8 0.0 0.0 ellipse
19 19 0.0 0.0 ellipse
20 20 0.0 0.0 ellipse
21 21 0.0 0.0 ellipse
22 22 0.0 0.0 ellipse
23 23 0.0 0.0 ellipse
24 24 0.0 0.0 ellipse
25 25 0.0 0.0 ellipse
26 26 0.0 0.0 ellipse
27 27 0.0 0.0 ellipse
28 28 0.0 0.0 ellipse
29 29 0.0 0.0 ellipse
30 30 0.0 0.0 ellipse
31 31 0.0 0.0 ellipse
32 32 0.0 0.0 ellipse
33 33 0.0 0.0 ellipse
34 18 0.0 0.0 ellipse
35 34 0.0 0.0 ellipse
36 36 0.0 0.0 ellipse
37 37 0.0 0.0 ellipse
38 38 0.0 0.0 ellipse
39 39 0.0 0.0 ellipse
40 40 0.0 0.0 ellipse
41 41 0.0 0.0 ellipse
42 42 0.0 0.0 ellipse
43 43 0.0 0.0 ellipse
44 44 0.0 0.0 ellipse
45 45 0.0 0.0 ellipse
46 46 0.0 0.0 ellipse
47 47 0.0 0.0 ellipse
48 48 0.0 0.0 ellipse
49 49 0.0 0.0 ellipse
50 50 0.0 0.0 ellipse
51 51 0.0 0.0 ellipse
52 52 0.0 0.0 ellipse
53 53 0.0 0.0 ellipse
54 35 0.0 0.0 ellipse
55 55 0.0 0.0 ellipse
56 56 0.0 0.0 ellipse
57 57 0.0 0.0 ellipse
58 58 0.0 0.0 ellipse
59 59 0.0 0.0 ellipse
60 60 0.0 0.0 ellipse
61 61 0.0 0.0 ellipse
62 62 0.0 0.0 ellipse
63 63 0.0 0.0 ellipse
64 64 0.0 0.0 ellipse
65 65 0.0 0.0 ellipse
66 66 0.0 0.0 ellipse
67 67 0.0 0.0 ellipse
68 68 0.0 0.0 ellipse
69 69 0.0 0.0 ellipse
70 70 0.0 0.0 ellipse
71 71 0.0 0.0 ellipse
72 72 0.0 0.0 ellipse
73 73 0.0 0.0 ellipse
74 74 0.0 0.0 ellipse
75 75 0.0 0.0 ellipse
76 76 0.0 0.0 ellipse
77 77 0.0 0.0 ellipse
78 78 0.0 0.0 ellipse
79 79 0.0 0.0 ellipse
80 80 0.0 0.0 ellipse
81 81 0.0 0.0 ellipse
82 82 0.0 0.0 ellipse
83 83 0.0 0.0 ellipse
84 84 0.0 0.0 ellipse
85 85 0.0 0.0 ellipse
86 86 0.0 0.0 ellipse
87 87 0.0 0.0 ellipse
88 88 0.0 0.0 ellipse
89 89 0.0 0.0 ellipse
90 90 0.0 0.0 ellipse
91 91 0.0 0.0 ellipse
92 92 0.0 0.0 ellipse
93 93 0.0 0.0 ellipse
94 94 0.0 0.0 ellipse
95 95 0.0 0.0 ellipse
96 96 0.0 0.0 ellipse
97 97 0.0 0.0 ellipse
98 98 0.0 0.0 ellipse
99 99 0.0 0.0 ellipse
100 100 0.0 0.0 ellipse
101 101 0.0 0.0 ellipse
102 102 0.0 0.0 ellipse
103 103 0.0 0.0 ellipse
104 104 0.0 0.0 ellipse
105 105 0.0 0.0 ellipse
106 54 0.0 0.0 ellipse
107 107 0.0 0.0 ellipse
108 108 0.0 0.0 ellipse
109 109 0.0 0.0 ellipse
110 110 0.0 0.0 ellipse
111 111 0.0 0.0 ellipse
112 112 0.0 0.0 ellipse
113 113 0.0 0.0 ellipse
114 114 0.0 0.0 ellipse
115 115 0.0 0.0 ellipse
116 116 0.0 0.0 ellipse
117 117 0.0 0.0 ellipse
118 118 0.0 0.0 ellipse
119 119 0.0 0.0 ellipse
120 120 0.0 0.0 ellipse
121 121 0.0 0.0 ellipse
122 122 0.0 0.0 ellipse
123 123 0.0 0.0 ellipse
124 124 0.0 0.0 ellipse
125 125 0.0 0.0 ellipse
126 126 0.0 0.0 ellipse
127 127 0.0 0.0 ellipse
128 128 0.0 0.0 ellipse
129 129 0.0 0.0 ellipse
130 130 0.0 0.0 ellipse
131 131 0.0 0.0 ellipse
132 132 0.0 0.0 ellipse
133 133 0.0 0.0 ellipse
134 134 0.0 0.0 ellipse
135 135 0.0 0.0 ellipse
136 136 0.0 0.0 ellipse
137 137 0.0 0.0 ellipse
138 138 0.0 0.0 ellipse
139 139 0.0 0.0 ellipse
140 140 0.0 0.0 ellipse
141 141 0.0 0.0 ellipse
142 142 0.0 0.0 ellipse
143 143 0.0 0.0 ellipse
144 144 0.0 0.0 ellipse
145 145 0.0 0.0 ellipse
146 146 0.0 0.0 ellipse
147 147 0.0 0.0 ellipse
148 148 0.0 0.0 ellipse
149 149 0.0 0.0 ellipse
150 150 0.0 0.0 ellipse
151 151 0.0 0.0 ellipse
152 152 0.0 0.0 ellipse
153 153 0.0 0.0 ellipse
154 154 0.0 0.0 ellipse
155 155 0.0 0.0 ellipse
156 156 0.0 0.0 ellipse
157 157 0.0 0.0 ellipse
158 158 0.0 0.0 ellipse
159 159 0.0 0.0 ellipse
160 160 0.0 0.0 ellipse
161 161 0.0 0.0 ellipse
162 162 0.0 0.0 ellipse
163 163 0.0 0.0 ellipse
164 164 0.0 0.0 ellipse
165 165 0.0 0.0 ellipse
166 166 0.0 0.0 ellipse
167 167 0.0 0.0 ellipse
168 168 0.0 0.0 ellipse
169 169 0.0 0.0 ellipse
170 170 0.0 0.0 ellipse
171 171 0.0 0.0 ellipse
172 172 0.0 0.0 ellipse
173 173 0.0 0.0 ellipse
174 174 0.0 0.0 ellipse
175 175 0.0 0.0 ellipse
176 176 0.0 0.0 ellipse
177 177 0.0 0.0 ellipse
178 178 0.0 0.0 ellipse
179 179 0.0 0.0 ellipse
180 180 0.0 0.0 ellipse
181 181 0.0 0.0 ellipse
182 182 0.0 0.0 ellipse
183 183 0.0 0.0 ellipse
184 184 0.0 0.0 ellipse
185 185 0.0 0.0 ellipse
186 186 0.0 0.0 ellipse
187 187 0.0 0.0 ellipse
188 188 0.0 0.0 ellipse
189 189 0.0 0.0 ellipse
190 190 0.0 0.0 ellipse
191 191 0.0 0.0 ellipse
192 192 0.0 0.0 ellipse
193 193 0.0 0.0 ellipse
194 194 0.0 0.0 ellipse
195 195 0.0 0.0 ellipse
196 196 0.0 0.0 ellipse
197 197 0.0 0.0 ellipse
198 198 0.0 0.0 ellipse
199 199 0.0 0.0 ellipse
200 200 0.0 0.0 ellipse
201 201 0.0 0.0 ellipse
202 202 0.0 0.0 ellipse
203 106 0.0 0.0 ellipse
204 204 0.0 0.0 ellipse
205 205 0.0 0.0 ellipse
206 206 0.0 0.0 ellipse
207 207 0.0 0.0 ellipse
208 208 0.0 0.0 ellipse
209 209 0.0 0.0 ellipse
210 210 0.0 0.0 ellipse
211 211 0.0 0.0 ellipse
212 212 0.0 0.0 ellipse
213 213 0.0 0.0 ellipse
214 214 0.0 0.0 ellipse
215 215 0.0 0.0 ellipse
216 216 0.0 0.0 ellipse
217 217 0.0 0.0 ellipse
218 218 0.0 0.0 ellipse
219 219 0.0 0.0 ellipse
220 220 0.0 0.0 ellipse
221 221 0.0 0.0 ellipse
222 222 0.0 0.0 ellipse
223 223 0.0 0.0 ellipse
224 224 0.0 0.0 ellipse
225 225 0.0 0.0 ellipse
226 226 0.0 0.0 ellipse
227 227 0.0 0.0 ellipse
228 228 0.0 0.0 ellipse
229 229 0.0 0.0 ellipse
230 230 0.0 0.0 ellipse
231 231 0.0 0.0 ellipse
232 232 0.0 0.0 ellipse
233 233 0.0 0.0 ellipse
234 234 0.0 0.0 ellipse
235 235 0.0 0.0 ellipse
236 236 0.0 0.0 ellipse
237 237 0.0 0.0 ellipse
238 238 0.0 0.0 ellipse
239 239 0.0 0.0 ellipse
240 240 0.0 0.0 ellipse
241 241 0.0 0.0 ellipse
242 242 0.0 0.0 ellipse
243 243 0.0 0.0 ellipse
244 244 0.0 0.0 ellipse
245 245 0.0 0.0 ellipse
246 246 0.0 0.0 ellipse
247 247 0.0 0.0 ellipse
248 248 0.0 0.0 ellipse
249 249 0.0 0.0 ellipse
250 250 0.0 0.0 ellipse
251 251 0.0 0.0 ellipse
252 252 0.0 0.0 ellipse
253 253 0.0 0.0 ellipse
254 254 0.0 0.0 ellipse
255 255 0.0 0.0 ellipse
256 256 0.0 0.0 ellipse
257 257 0.0 0.0 ellipse
258 258 0.0 0.0 ellipse
259 259 0.0 0.0 ellipse
260 260 0.0 0.0 ellipse
261 261 0.0 0.0 ellipse
262 262 0.0 0.0 ellipse
263 263 0.0 0.0 ellipse
264 264 0.0 0.0 ellipse
265 265 0.0 0.0 ellipse
266 266 0.0 0.0 ellipse
267 267 0.0 0.0 ellipse
268 268 0.0 0.0 ellipse
269 269 0.0 0.0 ellipse
270 270 0.0 0.0 ellipse
271 271 0.0 0.0 ellipse
272 203 0.0 0.0 ellipse
273 272 0.0 0.0 ellipse
274 274 0.0 0.0 ellipse
275 275 0.0 0.0 ellipse
276 276 0.0 0.0 ellipse
277 277 0.0 0.0 ellipse
278 278 0.0 0.0 ellipse
279 279 0.0 0.0 ellipse
280 280 0.0 0.0 ellipse
281 281 0.0 0.0 ellipse
282 282 0.0 0.0 ellipse
283 283 0.0 0.0 ellipse
284 284 0.0 0.0 ellipse
285 285 0.0 0.0 ellipse
286 286 0.0 0.0 ellipse
287 287 0.0 0.0 ellipse
288 288 0.0 0.0 ellipse
289 289 0.0 0.0 ellipse
290 290 0.0 0.0 ellipse
291 291 0.0 0.0 ellipse
292 292 0.0 0.0 ellipse
293 293 0.0 0.0 ellipse
294 294 0.0 0.0 ellipse
295 295 0.0 0.0 ellipse
296 296 0.0 0.0 ellipse
297 297 0.0 0.0 ellipse
298 298 0.0 0.0 ellipse
299 299 0.0 0.0 ellipse
300 300 0.0 0.0 ellipse
301 301 0.0 0.0 ellipse
302 302 0.0 0.0 ellipse
303 303 0.0 0.0 ellipse
304 304 0.0 0.0 ellipse
305 305 0.0 0.0 ellipse
306 306 0.0 0.0 ellipse
307 307 0.0 0.0 ellipse
308 308 0.0 0.0 ellipse
309 273 0.0 0.0 ellipse
310 310 0.0 0.0 ellipse
311 311 0.0 0.0 ellipse
312 312 0.0 0.0 ellipse
313 313 0.0 0.0 ellipse
314 314 0.0 0.0 ellipse
315 315 0.0 0.0 ellipse
316 316 0.0 0.0 ellipse
317 317 0.0 0.0 ellipse
318 318 0.0 0.0 ellipse
319 319 0.0 0.0 ellipse
320 320 0.0 0.0 ellipse
321 321 0.0 0.0 ellipse
322 322 0.0 0.0 ellipse
323 323 0.0 0.0 ellipse
324 324 0.0 0.0 ellipse
325 325 0.0 0.0 ellipse
326 326 0.0 0.0 ellipse
327 327 0.0 0.0 ellipse
328 328 0.0 0.0 ellipse
329 329 0.0 0.0 ellipse
330 330 0.0 0.0 ellipse
331 331 0.0 0.0 ellipse
332 332 0.0 0.0 ellipse
333 333 0.0 0.0 ellipse
334 334 0.0 0.0 ellipse
335 335 0.0 0.0 ellipse
336 336 0.0 0.0 ellipse
337 337 0.0 0.0 ellipse
338 338 0.0 0.0 ellipse
339 339 0.0 0.0 ellipse
340 340 0.0 0.0 ellipse
341 341 0.0 0.0 ellipse
342 342 0.0 0.0 ellipse
343 343 0.0 0.0 ellipse
344 344 0.0 0.0 ellipse
345 345 0.0 0.0 ellipse
346 346 0.0 0.0 ellipse
347 347 0.0 0.0 ellipse
348 348 0.0 0.0 ellipse
349 349 0.0 0.0 ellipse
350 350 0.0 0.0 ellipse
351 351 0.0 0.0 ellipse
352 352 0.0 0.0 ellipse
353 353 0.0 0.0 ellipse
354 354 0.0 0.0 ellipse
355 355 0.0 0.0 ellipse
356 356 0.0 0.0 ellipse
357 357 0.0 0.0 ellipse
358 358 0.0 0.0 ellipse
359 359 0.0 0.0 ellipse
360 360 0.0 0.0 ellipse
361 361 0.0 0.0 ellipse
362 362 0.0 0.0 ellipse
363 363 0.0 0.0 ellipse
364 364 0.0 0.0 ellipse
365 365 0.0 0.0 ellipse
366 366 0.0 0.0 ellipse
367 367 0.0 0.0 ellipse
368 368 0.0 0.0 ellipse
369 369 0.0 0.0 ellipse
370 370 0.0 0.0 ellipse
371 371 0.0 0.0 ellipse
372 372 0.0 0.0 ellipse
373 373 0.0 0.0 ellipse
374 374 0.0 0.0 ellipse
375 375 0.0 0.0 ellipse
376 376 0.0 0.0 ellipse
377 377 0.0 0.0 ellipse
378 378 0.0 0.0 ellipse
379 379 0.0 0.0 ellipse
380 380 0.0 0.0 ellipse
381 381 0.0 0.0 ellipse
382 382 0.0 0.0 ellipse
383 383 0.0 0.0 ellipse
384 384 0.0 0.0 ellipse
385 385 0.0 0.0 ellipse
386 386 0.0 0.0 ellipse
387 387 0.0 0.0 ellipse
388 388 0.0 0.0 ellipse
389 389 0.0 0.0 ellipse
390 390 0.0 0.0 ellipse
391 391 0.0 0.0 ellipse
392 392 0.0 0.0 ellipse
393 393 0.0 0.0 ellipse
394 394 0.0 0.0 ellipse
395 395 0.0 0.0 ellipse
396 396 0.0 0.0 ellipse
397 397 0.0 0.0 ellipse
398 398 0.0 0.0 ellipse
399 399 0.0 0.0 ellipse
400 400 0.0 0.0 ellipse
401 401 0.0 0.0 ellipse
402 402 0.0 0.0 ellipse
403 403 0.0 0.0 ellipse
404 404 0.0 0.0 ellipse
405 405 0.0 0.0 ellipse
406 406 0.0 0.0 ellipse
407 407 0.0 0.0 ellipse
408 408 0.0 0.0 ellipse
409 409 0.0 0.0 ellipse
410 410 0.0 0.0 ellipse
411 411 0.0 0.0 ellipse
412 412 0.0 0.0 ellipse
413 413 0.0 0.0 ellipse
414 414 0.0 0.0 ellipse
415 415 0.0 0.0 ellipse
416 416 0.0 0.0 ellipse
417 417 0.0 0.0 ellipse
418 418 0.0 0.0 ellipse
419 419 0.0 0.0 ellipse
420 420 0.0 0.0 ellipse
421 421 0.0 0.0 ellipse
422 422 0.0 0.0 ellipse
423 423 0.0 0.0 ellipse
424 424 0.0 0.0 ellipse
425 425 0.0 0.0 ellipse
426 426 0.0 0.0 ellipse
427 427 0.0 0.0 ellipse
428 428 0.0 0.0 ellipse
429 429 0.0 0.0 ellipse
430 430 0.0 0.0 ellipse
431 431 0.0 0.0 ellipse
432 432 0.0 0.0 ellipse
433 433 0.0 0.0 ellipse
434 434 0.0 0.0 ellipse
435 435 0.0 0.0 ellipse
436 436 0.0 0.0 ellipse
437 437 0.0 0.0 ellipse
438 438 0.0 0.0 ellipse
439 439 0.0 0.0 ellipse
440 440 0.0 0.0 ellipse
441 441 0.0 0.0 ellipse
442 442 0.0 0.0 ellipse
443 443 0.0 0.0 ellipse
444 444 0.0 0.0 ellipse
445 445 0.0 0.0 ellipse
446 446 0.0 0.0 ellipse
447 447 0.0 0.0 ellipse
448 448 0.0 0.0 ellipse
449 449 0.0 0.0 ellipse
450 450 0.0 0.0 ellipse
451 451 0.0 0.0 ellipse
452 452 0.0 0.0 ellipse
453 453 0.0 0.0 ellipse
454 454 0.0 0.0 ellipse
455 455 0.0 0.0 ellipse
456 456 0.0 0.0 ellipse
457 457 0.0 0.0 ellipse
458 458 0.0 0.0 ellipse
459 459 0.0 0.0 ellipse
460 460 0.0 0.0 ellipse
461 461 0.0 0.0 ellipse
462 462 0.0 0.0 ellipse
463 463 0.0 0.0 ellipse
464 464 0.0 0.0 ellipse
465 465 0.0 0.0 ellipse
466 466 0.0 0.0 ellipse
467 467 0.0 0.0 ellipse
468 468 0.0 0.0 ellipse
469 469 0.0 0.0 ellipse
470 470 0.0 0.0 ellipse
471 471 0.0 0.0 ellipse
472 472 0.0 0.0 ellipse
473 473 0.0 0.0 ellipse
474 474 0.0 0.0 ellipse
475 475 0.0 0.0 ellipse
476 476 0.0 0.0 ellipse
477 477 0.0 0.0 ellipse
478 478 0.0 0.0 ellipse
479 479 0.0 0.0 ellipse
480 480 0.0 0.0 ellipse
481 481 0.0 0.0 ellipse
482 482 0.0 0.0 ellipse
483 483 0.0 0.0 ellipse
484 484 0.0 0.0 ellipse
485 485 0.0 0.0 ellipse
486 486 0.0 0.0 ellipse
487 487 0.0 0.0 ellipse
488 488 0.0 0.0 ellipse
489 489 0.0 0.0 ellipse
490 490 0.0 0.0 ellipse
491 491 0.0 0.0 ellipse
492 492 0.0 0.0 ellipse
493 493 0.0 0.0 ellipse
494 494 0.0 0.0 ellipse
495 495 0.0 0.0 ellipse
496 496 0.0 0.0 ellipse
497 497 0.0 0.0 ellipse
498 498 0.0 0.0 ellipse
499 499 0.0 0.0 ellipse
500 500 0.0 0.0 ellipse
501 501 0.0 0.0 ellipse
502 502 0.0 0.0 ellipse
503 503 0.0 0.0 ellipse
504 504 0.0 0.0 ellipse
505 505 0.0 0.0 ellipse
506 506 0.0 0.0 ellipse
507 507 0.0 0.0 ellipse
508 508 0.0 0.0 ellipse
509 509 0.0 0.0 ellipse
510 510 0.0 0.0 ellipse
511 511 0.0 0.0 ellipse
512 512 0.0 0.0 ellipse
513 513 0.0 0.0 ellipse
514 514 0.0 0.0 ellipse
515 515 0.0 0.0 ellipse
516 516 0.0 0.0 ellipse
517 517 0.0 0.0 ellipse
518 518 0.0 0.0 ellipse
519 519 0.0 0.0 ellipse
520 520 0.0 0.0 ellipse
521 521 0.0 0.0 ellipse
522 522 0.0 0.0 ellipse
523 523 0.0 0.0 ellipse
524 524 0.0 0.0 ellipse
525 525 0.0 0.0 ellipse
526 526 0.0 0.0 ellipse
527 527 0.0 0.0 ellipse
528 528 0.0 0.0 ellipse
529 529 0.0 0.0 ellipse
530 530 0.0 0.0 ellipse
531 531 0.0 0.0 ellipse
532 532 0.0 0.0 ellipse
533 533 0.0 0.0 ellipse
534 534 0.0 0.0 ellipse
535 535 0.0 0.0 ellipse
536 536 0.0 0.0 ellipse
537 537 0.0 0.0 ellipse
538 538 0.0 0.0 ellipse
539 539 0.0 0.0 ellipse
540 540 0.0 0.0 ellipse
541 541 0.0 0.0 ellipse
542 542 0.0 0.0 ellipse
543 543 0.0 0.0 ellipse
544 544 0.0 0.0 ellipse
545 545 0.0 0.0 ellipse
546 546 0.0 0.0 ellipse
547 547 0.0 0.0 ellipse
548 548 0.0 0.0 ellipse
549 549 0.0 0.0 ellipse
550 550 0.0 0.0 ellipse
551 551 0.0 0.0 ellipse
552 552 0.0 0.0 ellipse
553 553 0.0 0.0 ellipse
554 554 0.0 0.0 ellipse
555 555 0.0 0.0 ellipse
556 556 0.0 0.0 ellipse
557 557 0.0 0.0 ellipse
558 558 0.0 0.0 ellipse
559 559 0.0 0.0 ellipse
560 560 0.0 0.0 ellipse
561 561 0.0 0.0 ellipse
562 562 0.0 0.0 ellipse
563 563 0.0 0.0 ellipse
564 564 0.0 0.0 ellipse
565 565 0.0 0.0 ellipse
566 566 0.0 0.0 ellipse
567 567 0.0 0.0 ellipse
568 568 0.0 0.0 ellipse
569 569 0.0 0.0 ellipse
570 570 0.0 0.0 ellipse
571 571 0.0 0.0 ellipse
572 572 0.0 0.0 ellipse
573 573 0.0 0.0 ellipse
574 574 0.0 0.0 ellipse
575 575 0.0 0.0 ellipse
576 576 0.0 0.0 ellipse
577 577 0.0 0.0 ellipse
578 578 0.0 0.0 ellipse
579 579 0.0 0.0 ellipse
580 580 0.0 0.0 ellipse
581 581 0.0 0.0 ellipse
582 582 0.0 0.0 ellipse
583 583 0.0 0.0 ellipse
584 584 0.0 0.0 ellipse
585 585 0.0 0.0 ellipse
586 586 0.0 0.0 ellipse
587 587 0.0 0.0 ellipse
588 588 0.0 0.0 ellipse
589 589 0.0 0.0 ellipse
590 590 0.0 0.0 ellipse
591 591 0.0 0.0 ellipse
592 592 0.0 0.0 ellipse
593 593 0.0 0.0 ellipse
594 594 0.0 0.0 ellipse
595 595 0.0 0.0 ellipse
596 596 0.0 0.0 ellipse
597 597 0.0 0.0 ellipse
598 598 0.0 0.0 ellipse
599 599 0.0 0.0 ellipse
600 600 0.0 0.0 ellipse
601 601 0.0 0.0 ellipse
602 602 0.0 0.0 ellipse
603 603 0.0 0.0 ellipse
604 604 0.0 0.0 ellipse
605 605 0.0 0.0 ellipse
606 606 0.0 0.0 ellipse
607 607 0.0 0.0 ellipse
608 608 0.0 0.0 ellipse
609 609 0.0 0.0 ellipse
610 610 0.0 0.0 ellipse
611 611 0.0 0.0 ellipse
612 612 0.0 0.0 ellipse
613 613 0.0 0.0 ellipse
614 614 0.0 0.0 ellipse
615 615 0.0 0.0 ellipse
616 616 0.0 0.0 ellipse
617 617 0.0 0.0 ellipse
618 618 0.0 0.0 ellipse
619 619 0.0 0.0 ellipse
620 620 0.0 0.0 ellipse
621 621 0.0 0.0 ellipse
622 622 0.0 0.0 ellipse
623 623 0.0 0.0 ellipse
624 624 0.0 0.0 ellipse
625 625 0.0 0.0 ellipse
626 626 0.0 0.0 ellipse
627 627 0.0 0.0 ellipse
628 628 0.0 0.0 ellipse
629 629 0.0 0.0 ellipse
630 630 0.0 0.0 ellipse
631 631 0.0 0.0 ellipse
632 632 0.0 0.0 ellipse
633 633 0.0 0.0 ellipse
634 634 0.0 0.0 ellipse
635 635 0.0 0.0 ellipse
636 636 0.0 0.0 ellipse
637 637 0.0 0.0 ellipse
638 638 0.0 0.0 ellipse
639 639 0.0 0.0 ellipse
640 640 0.0 0.0 ellipse
641 641 0.0 0.0 ellipse
642 642 0.0 0.0 ellipse
643 643 0.0 0.0 ellipse
644 644 0.0 0.0 ellipse
645 645 0.0 0.0 ellipse
646 646 0.0 0.0 ellipse
647 647 0.0 0.0 ellipse
648 648 0.0 0.0 ellipse
649 649 0.0 0.0 ellipse
650 650 0.0 0.0 ellipse
651 651 0.0 0.0 ellipse
652 652 0.0 0.0 ellipse
653 653 0.0 0.0 ellipse
654 654 0.0 0.0 ellipse
655 655 0.0 0.0 ellipse
656 656 0.0 0.0 ellipse
657 657 0.0 0.0 ellipse
658 658 0.0 0.0 ellipse
659 659 0.0 0.0 ellipse
660 660 0.0 0.0 ellipse
661 661 0.0 0.0 ellipse
662 662 0.0 0.0 ellipse
663 663 0.0 0.0 ellipse
664 664 0.0 0.0 ellipse
665 665 0.0 0.0 ellipse
666 666 0.0 0.0 ellipse
667 667 0.0 0.0 ellipse
668 668 0.0 0.0 ellipse
669 669 0.0 0.0 ellipse
670 670 0.0 0.0 ellipse
671 671 0.0 0.0 ellipse
672 672 0.0 0.0 ellipse
673 673 0.0 0.0 ellipse
674 674 0.0 0.0 ellipse
675 675 0.0 0.0 ellipse
676 676 0.0 0.0 ellipse
677 677 0.0 0.0 ellipse
678 678 0.0 0.0 ellipse
679 679 0.0 0.0 ellipse
680 680 0.0 0.0 ellipse
681 681 0.0 0.0 ellipse
682 682 0.0 0.0 ellipse
683 683 0.0 0.0 ellipse
684 684 0.0 0.0 ellipse
685 685 0.0 0.0 ellipse
686 686 0.0 0.0 ellipse
687 687 0.0 0.0 ellipse
688 688 0.0 0.0 ellipse
689 689 0.0 0.0 ellipse
690 690 0.0 0.0 ellipse
691 691 0.0 0.0 ellipse
692 692 0.0 0.0 ellipse
693 693 0.0 0.0 ellipse
694 694 0.0 0.0 ellipse
695 695 0.0 0.0 ellipse
696 696 0.0 0.0 ellipse
697 697 0.0 0.0 ellipse
698 698 0.0 0.0 ellipse
699 699 0.0 0.0 ellipse
700 700 0.0 0.0 ellipse
701 701 0.0 0.0 ellipse
702 702 0.0 0.0 ellipse
703 703 0.0 0.0 ellipse
704 704 0.0 0.0 ellipse
705 705 0.0 0.0 ellipse
706 706 0.0 0.0 ellipse
707 707 0.0 0.0 ellipse
708 708 0.0 0.0 ellipse
709 709 0.0 0.0 ellipse
710 710 0.0 0.0 ellipse
711 711 0.0 0.0 ellipse
712 712 0.0 0.0 ellipse
713 713 0.0 0.0 ellipse
714 714 0.0 0.0 ellipse
715 715 0.0 0.0 ellipse
716 716 0.0 0.0 ellipse
717 717 0.0 0.0 ellipse
718 718 0.0 0.0 ellipse
719 719 0.0 0.0 ellipse
720 720 0.0 0.0 ellipse
721 721 0.0 0.0 ellipse
722 722 0.0 0.0 ellipse
723 723 0.0 0.0 ellipse
724 724 0.0 0.0 ellipse
725 725 0.0 0.0 ellipse
726 726 0.0 0.0 ellipse
727 727 0.0 0.0 ellipse
728 728 0.0 0.0 ellipse
729 729 0.0 0.0 ellipse
730 730 0.0 0.0 ellipse
731 731 0.0 0.0 ellipse
732 732 0.0 0.0 ellipse
733 733 0.0 0.0 ellipse
734 734 0.0 0.0 ellipse
735 735 0.0 0.0 ellipse
736 736 0.0 0.0 ellipse
737 737 0.0 0.0 ellipse
738 738 0.0 0.0 ellipse
739 739 0.0 0.0 ellipse
740 740 0.0 0.0 ellipse
741 741 0.0 0.0 ellipse
742 742 0.0 0.0 ellipse
743 743 0.0 0.0 ellipse
744 744 0.0 0.0 ellipse
745 745 0.0 0.0 ellipse
746 746 0.0 0.0 ellipse
747 747 0.0 0.0 ellipse
748 748 0.0 0.0 ellipse
749 749 0.0 0.0 ellipse
750 750 0.0 0.0 ellipse
751 751 0.0 0.0 ellipse
752 752 0.0 0.0 ellipse
753 753 0.0 0.0 ellipse
754 754 0.0 0.0 ellipse
755 755 0.0 0.0 ellipse
756 756 0.0 0.0 ellipse
757 757 0.0 0.0 ellipse
758 758 0.0 0.0 ellipse
759 759 0.0 0.0 ellipse
760 760 0.0 0.0 ellipse
761 761 0.0 0.0 ellipse
762 762 0.0 0.0 ellipse
763 763 0.0 0.0 ellipse
764 764 0.0 0.0 ellipse
765 765 0.0 0.0 ellipse
766 766 0.0 0.0 ellipse
767 767 0.0 0.0 ellipse
768 768 0.0 0.0 ellipse
769 769 0.0 0.0 ellipse
770 770 0.0 0.0 ellipse
771 771 0.0 0.0 ellipse
772 772 0.0 0.0 ellipse
773 773 0.0 0.0 ellipse
774 774 0.0 0.0 ellipse
775 775 0.0 0.0 ellipse
776 776 0.0 0.0 ellipse
777 777 0.0 0.0 ellipse
778 778 0.0 0.0 ellipse
779 779 0.0 0.0 ellipse
780 780 0.0 0.0 ellipse
781 781 0.0 0.0 ellipse
782 782 0.0 0.0 ellipse
783 783 0.0 0.0 ellipse
784 784 0.0 0.0 ellipse
785 785 0.0 0.0 ellipse
786 786 0.0 0.0 ellipse
787 787 0.0 0.0 ellipse
788 788 0.0 0.0 ellipse
789 789 0.0 0.0 ellipse
790 790 0.0 0.0 ellipse
791 791 0.0 0.0 ellipse
792 792 0.0 0.0 ellipse
793 793 0.0 0.0 ellipse
794 794 0.0 0.0 ellipse
795 795 0.0 0.0 ellipse
796 796 0.0 0.0 ellipse
797 797 0.0 0.0 ellipse
798 798 0.0 0.0 ellipse
799 799 0.0 0.0 ellipse
800 800 0.0 0.0 ellipse
801 801 0.0 0.0 ellipse
802 802 0.0 0.0 ellipse
803 803 0.0 0.0 ellipse
804 804 0.0 0.0 ellipse
805 805 0.0 0.0 ellipse
806 806 0.0 0.0 ellipse
807 807 0.0 0.0 ellipse
808 808 0.0 0.0 ellipse
809 809 0.0 0.0 ellipse
810 810 0.0 0.0 ellipse
811 811 0.0 0.0 ellipse
812 812 0.0 0.0 ellipse
813 813 0.0 0.0 ellipse
814 814 0.0 0.0 ellipse
815 815 0.0 0.0 ellipse
816 816 0.0 0.0 ellipse
817 817 0.0 0.0 ellipse
818 818 0.0 0.0 ellipse
819 819 0.0 0.0 ellipse
820 820 0.0 0.0 ellipse
821 821 0.0 0.0 ellipse
822 822 0.0 0.0 ellipse
823 823 0.0 0.0 ellipse
824 824 0.0 0.0 ellipse
825 825 0.0 0.0 ellipse
826 826 0.0 0.0 ellipse
827 827 0.0 0.0 ellipse
828 828 0.0 0.0 ellipse
829 829 0.0 0.0 ellipse
830 830 0.0 0.0 ellipse
831 831 0.0 0.0 ellipse
832 832 0.0 0.0 ellipse
833 833 0.0 0.0 ellipse
834 834 0.0 0.0 ellipse
835 835 0.0 0.0 ellipse
836 836 0.0 0.0 ellipse
837 837 0.0 0.0 ellipse
838 838 0.0 0.0 ellipse
839 839 0.0 0.0 ellipse
840 840 0.0 0.0 ellipse
841 309 0.0 0.0 ellipse
842 842 0.0 0.0 ellipse
843 843 0.0 0.0 ellipse
844 844 0.0 0.0 ellipse
845 845 0.0 0.0 ellipse
846 846 0.0 0.0 ellipse
847 847 0.0 0.0 ellipse
848 848 0.0 0.0 ellipse
849 849 0.0 0.0 ellipse
850 850 0.0 0.0 ellipse
851 851 0.0 0.0 ellipse
852 852 0.0 0.0 ellipse
853 853 0.0 0.0 ellipse
854 854 0.0 0.0 ellipse
855 855 0.0 0.0 ellipse
856 856 0.0 0.0 ellipse
857 857 0.0 0.0 ellipse
858 858 0.0 0.0 ellipse
859 859 0.0 0.0 ellipse
860 860 0.0 0.0 ellipse
861 861 0.0 0.0 ellipse
862 862 0.0 0.0 ellipse
863 863 0.0 0.0 ellipse
864 864 0.0 0.0 ellipse
865 865 0.0 0.0 ellipse
866 866 0.0 0.0 ellipse
867 867 0.0 0.0 ellipse
868 868 0.0 0.0 ellipse
869 869 0.0 0.0 ellipse
870 870 0.0 0.0 ellipse
871 871 0.0 0.0 ellipse
872 872 0.0 0.0 ellipse
873 873 0.0 0.0 ellipse
874 874 0.0 0.0 ellipse
875 875 0.0 0.0 ellipse
876 876 0.0 0.0 ellipse
877 877 0.0 0.0 ellipse
878 878 0.0 0.0 ellipse
879 879 0.0 0.0 ellipse
880 880 0.0 0.0 ellipse
881 881 0.0 0.0 ellipse
882 882 0.0 0.0 ellipse
883 883 0.0 0.0 ellipse
884 884 0.0 0.0 ellipse
885 885 0.0 0.0 ellipse
886 886 0.0 0.0 ellipse
887 887 0.0 0.0 ellipse
888 888 0.0 0.0 ellipse
889 889 0.0 0.0 ellipse
890 890 0.0 0.0 ellipse
891 891 0.0 0.0 ellipse
892 892 0.0 0.0 ellipse
893 893 0.0 0.0 ellipse
894 894 0.0 0.0 ellipse
895 895 0.0 0.0 ellipse
896 896 0.0 0.0 ellipse
897 897 0.0 0.0 ellipse
898 898 0.0 0.0 ellipse
899 899 0.0 0.0 ellipse
900 900 0.0 0.0 ellipse
901 901 0.0 0.0 ellipse
902 902 0.0 0.0 ellipse
903 903 0.0 0.0 ellipse
904 904 0.0 0.0 ellipse
905 905 0.0 0.0 ellipse
906 906 0.0 0.0 ellipse
907 907 0.0 0.0 ellipse
908 908 0.0 0.0 ellipse
909 909 0.0 0.0 ellipse
910 910 0.0 0.0 ellipse
911 911 0.0 0.0 ellipse
912 912 0.0 0.0 ellipse
913 913 0.0 0.0 ellipse
914 914 0.0 0.0 ellipse
915 915 0.0 0.0 ellipse
916 916 0.0 0.0 ellipse
917 917 0.0 0.0 ellipse
918 918 0.0 0.0 ellipse
919 919 0.0 0.0 ellipse
920 920 0.0 0.0 ellipse
921 921 0.0 0.0 ellipse
922 922 0.0 0.0 ellipse
923 923 0.0 0.0 ellipse
924 924 0.0 0.0 ellipse
925 925 0.0 0.0 ellipse
926 926 0.0 0.0 ellipse
927 927 0.0 0.0 ellipse
928 928 0.0 0.0 ellipse
929 929 0.0 0.0 ellipse
930 930 0.0 0.0 ellipse
931 931 0.0 0.0 ellipse
932 932 0.0 0.0 ellipse
933 933 0.0 0.0 ellipse
934 934 0.0 0.0 ellipse
935 935 0.0 0.0 ellipse
936 936 0.0 0.0 ellipse
937 937 0.0 0.0 ellipse
938 938 0.0 0.0 ellipse
939 939 0.0 0.0 ellipse
940 940 0.0 0.0 ellipse
941 941 0.0 0.0 ellipse
942 942 0.0 0.0 ellipse
943 943 0.0 0.0 ellipse
944 944 0.0 0.0 ellipse
945 945 0.0 0.0 ellipse
946 946 0.0 0.0 ellipse
947 947 0.0 0.0 ellipse
948 948 0.0 0.0 ellipse
949 949 0.0 0.0 ellipse
950 950 0.0 0.0 ellipse
951 951 0.0 0.0 ellipse
952 952 0.0 0.0 ellipse
953 953 0.0 0.0 ellipse
954 954 0.0 0.0 ellipse
955 955 0.0 0.0 ellipse
956 956 0.0 0.0 ellipse
957 957 0.0 0.0 ellipse
958 958 0.0 0.0 ellipse
959 959 0.0 0.0 ellipse
960 960 0.0 0.0 ellipse
961 961 0.0 0.0 ellipse
962 962 0.0 0.0 ellipse
963 963 0.0 0.0 ellipse
964 964 0.0 0.0 ellipse
965 965 0.0 0.0 ellipse
966 966 0.0 0.0 ellipse
967 967 0.0 0.0 ellipse
968 968 0.0 0.0 ellipse
969 969 0.0 0.0 ellipse
970 970 0.0 0.0 ellipse
971 971 0.0 0.0 ellipse
972 972 0.0 0.0 ellipse
973 973 0.0 0.0 ellipse
974 974 0.0 0.0 ellipse
975 975 0.0 0.0 ellipse
976 976 0.0 0.0 ellipse
977 977 0.0 0.0 ellipse
978 978 0.0 0.0 ellipse
979 979 0.0 0.0 ellipse
980 980 0.0 0.0 ellipse
981 981 0.0 0.0 ellipse
982 982 0.0 0.0 ellipse
983 983 0.0 0.0 ellipse
984 984 0.0 0.0 ellipse
985 985 0.0 0.0 ellipse
986 986 0.0 0.0 ellipse
987 987 0.0 0.0 ellipse
988 988 0.0 0.0 ellipse
989 989 0.0 0.0 ellipse
990 990 0.0 0.0 ellipse
991 991 0.0 0.0 ellipse
992 992 0.0 0.0 ellipse
993 993 0.0 0.0 ellipse
994 994 0.0 0.0 ellipse
995 995 0.0 0.0 ellipse
996 996 0.0 0.0 ellipse
997 997 0.0 0.0 ellipse
998 998 0.0 0.0 ellipse
999 999 0.0 0.0 ellipse
1000 1000 0.0 0.0 ellipse
*edges
1 2 1.0
1 3 1.0
1 4 1.0
1 5 1.0
2 3 1.0
2 4 1.0
2 5 1.0
2 6 1.0
2 10 1.0
2 11 1.0
2 14 1.0
2 15 1.0
2 22 1.0
2 49 1.0
2 62 1.0
2 63 1.0
2 66 1.0
2 67 1.0
2 70 1.0
2 77 1.0
2 103 1.0
2 107 1.0
2 124 1.0
2 139 1.0
2 142 1.0
2 151 1.0
2 403 1.0
3 4 1.0
3 5 1.0
3 9 1.0
3 11 1.0
3 12 1.0
3 14 1.0
3 15 1.0
3 19 1.0
3 20 1.0
3 30 1.0
3 32 1.0
3 35 1.0
3 59 1.0
3 65 1.0
3 67 1.0
3 78 1.0
3 81 1.0
3 86 1.0
3 90 1.0
3 95 1.0
3 102 1.0
3 103 1.0
3 104 1.0
3 115 1.0
3 120 1.0
3 121 1.0
3 150 1.0
3 187 1.0
3 191 1.0
3 233 1.0
3 239 1.0
3 242 1.0
3 248 1.0
3 269 1.0
3 291 1.0
3 292 1.0
3 295 1.0
3 301 1.0
3 334 1.0
3 364 1.0
3 377 1.0
3 395 1.0
3 412 1.0
3 429 1.0
3 525 1.0
3 568 1.0
3 605 1.0
3 643 1.0
3 712 1.0
3 719 1.0
3 733 1.0
3 844 1.0
3 877 1.0
3 891 1.0
4 5 1.0
4 6 1.0
4 9 1.0
4 10 1.0
4 14 1.0
4 16 1.0
4 20 1.0
4 21 1.0
4 22 1.0
4 23 1.0
4 28 1.0
4 37 1.0
4 44 1.0
4 45 1.0
4 47 1.0
4 58 1.0
4 61 1.0
4 63 1.0
4 71 1.0
4 72 1.0
4 76 1.0
4 84 1.0
4 91 1.0
4 93 1.0
4 96 1.0
4 117 1.0
4 124 1.0
4 129 1.0
4 132 1.0
4 139 1.0
4 144 1.0
4 145 1.0
4 177 1.0
4 186 1.0
4 310 1.0
4 311 1.0
4 323 1.0
4 324 1.0
4 338 1.0
4 346 1.0
4 362 1.0
4 365 1.0
4 383 1.0
4 418 1.0
4 466 1.0
4 488 1.0
4 538 1.0
4 539 1.0
4 542 1.0
4 550 1.0
4 571 1.0
4 647 1.0
4 650 1.0
4 658 1.0
4 683 1.0
4 684 1.0
4 691 1.0
4 710 1.0
4 746 1.0
4 776 1.0
4 806 1.0
4 809 1.0
4 815 1.0
4 818 1.0
4 853 1.0
4 885 1.0
4 900 1.0
4 954 1.0
4 958 1.0
5 6 1.0
5 7 1.0
5 9 1.0
5 10 1.0
5 13 1.0
5 14 1.0
5 15 1.0
5 23 1.0
5 25 1.0
5 27 1.0
5 29 1.0
5 30 1.0
5 31 1.0
5 33 1.0
5 36 1.0
5 40 1.0
5 41 1.0
5 45 1.0
5 46 1.0
5 71 1.0
5 75 1.0
5 79 1.0
5 80 1.0
5 102 1.0
5 104 1.0
5 105 1.0
5 115 1.0
5 117 1.0
5 122 1.0
5 141 1.0
5 145 1.0
5 150 1.0
5 152 1.0
5 160 1.0
5 168 1.0
5 173 1.0
5 175 1.0
5 199 1.0
5 207 1.0
5 238 1.0
5 254 1.0
5 270 1.0
5 271 1.0
5 288 1.0
5 290 1.0
5 303 1.0
5 310 1.0
5 315 1.0
5 323 1.0
5 335 1.0
5 349 1.0
5 356 1.0
5 375 1.0
5 405 1.0
5 413 1.0
5 417 1.0
5 428 1.0
5 433 1.0
5 440 1.0
5 445 1.0
5 448 1.0
5 475 1.0
5 537 1.0
5 570 1.0
5 574 1.0
5 587 1.0
5 607 1.0
5 623 1.0
5 640 1.0
5 651 1.0
5 670 1.0
5 676 1.0
5 682 1.0
5 714 1.0
5 715 1.0
5 757 1.0
5 771 1.0
5 791 1.0
5 833 1.0
5 860 1.0
5 878 1.0
5 900 1.0
5 901 1.0
5 908 1.0
5 930 1.0
5 932 1.0
5 935 1.0
6 12 1.0
6 13 1.0
6 15 1.0
6 19 1.0
6 21 1.0
6 22 1.0
6 24 1.0
6 26 1.0
6 27 1.0
6 35 1.0
6 37 1.0
6 39 1.0
6 40 1.0
6 44 1.0
6 47 1.0
6 53 1.0
6 55 1.0
6 56 1.0
6 60 1.0
6 64 1.0
6 68 1.0
6 71 1.0
6 74 1.0
6 97 1.0
6 100 1.0
6 110 1.0
6 111 1.0
6 123 1.0
6 138 1.0
6 140 1.0
6 154 1.0
6 157 1.0
6 159 1.0
6 165 1.0
6 167 1.0
6 187 1.0
6 189 1.0
6 194 1.0
6 200 1.0
6 205 1.0
6 207 1.0
6 211 1.0
6 216 1.0
6 217 1.0
6 221 1.0
6 249 1.0
6 268 1.0
6 271 1.0
6 275 1.0
6 291 1.0
6 297 1.0
6 304 1.0
6 307 1.0
6 337 1.0
6 369 1.0
6 372 1.0
6 382 1.0
6 383 1.0
6 415 1.0
6 419 1.0
6 439 1.0
6 451 1.0
6 452 1.0
6 493 1.0
6 497 1.0
6 510 1.0
6 522 1.0
6 546 1.0
6 569 1.0
6 575 1.0
6 598 1.0
6 606 1.0
6 715 1.0
6 721 1.0
6 737 1.0
6 810 1.0
6 819 1.0
6 836 1.0
6 853 1.0
6 865 1.0
6 892 1.0
6 896 1.0
6 923 1.0
6 932 1.0
6 946 1.0
6 971 1.0
6 979 1.0
7 8 1.0
7 97 1.0
7 142 1.0
7 340 1.0
7 436 1.0
7 910 1.0
8 9 1.0
8 14 1.0
8 19 1.0
8 20 1.0
8 24 1.0
8 25 1.0
8 26 1.0
8 28 1.0
8 36 1.0
8 37 1.0
8 38 1.0
8 43 1.0
8 47 1.0
8 66 1.0
8 69 1.0
8 72 1.0
8 77 1.0
8 78 1.0
8 79 1.0
8 96 1.0
8 98 1.0
8 111 1.0
8 117 1.0
8 119 1.0
8 129 1.0
8 131 1.0
8 136 1.0
8 138 1.0
8 149 1.0
8 156 1.0
8 161 1.0
8 171 1.0
8 178 1.0
8 179 1.0
8 200 1.0
8 201 1.0
8 236 1.0
8 237 1.0
8 251 1.0
8 258 1.0
8 271 1.0
8 275 1.0
8 316 1.0
8 343 1.0
8 355 1.0
8 358 1.0
8 367 1.0
8 376 1.0
8 391 1.0
8 404 1.0
8 409 1.0
8 469 1.0
8 479 1.0
8 481 1.0
8 509 1.0
8 513 1.0
8 545 1.0
8 550 1.0
8 552 1.0
8 565 1.0
8 592 1.0
8 609 1.0
8 665 1.0
8 685 1.0
8 697 1.0
8 700 1.0
8 734 1.0
8 745 1.0
8 784 1.0
8 791 1.0
8 864 1.0
8 903 1.0
8 906 1.0
8 920 1.0
8 933 1.0
8 944 1.0
8 953 1.0
8 961 1.0
9 11 1.0
9 12 1.0
9 16 1.0
9 17 1.0
9 20 1.0
9 21 1.0
9 23 1.0
9 26 1.0
9 31 1.0
9 32 1.0
9 39 1.0
9 40 1.0
9 45 1.0
9 46 1.0
9 50 1.0
9 51 1.0
9 57 1.0
9 65 1.0
9 89 1.0
9 98 1.0
9 108 1.0
9 121 1.0
9 149 1.0
9 150 1.0
9 154 1.0
9 158 1.0
9 161 1.0
9 166 1.0
9 188 1.0
9 190 1.0
9 201 1.0
9 219 1.0
9 228 1.0
9 247 1.0
9 255 1.0
9 265 1.0
9 342 1.0
9 374 1.0
9 388 1.0
9 434 1.0
9 456 1.0
9 581 1.0
9 601 1.0
9 609 1.0
9 625 1.0
9 632 1.0
9 697 1.0
9 698 1.0
9 709 1.0
9 720 1.0
9 723 1.0
9 729 1.0
9 753 1.0
9 762 1.0
9 854 1.0
9 880 1.0
9 970 1.0
9 982 1.0
10 15 1.0
10 19 1.0
10 26 1.0
10 33 1.0
10 36 1.0
10 37 1.0
10 52 1.0
10 70 1.0
10 75 1.0
10 76 1.0
10 80 1.0
10 85 1.0
10 113 1.0
10 115 1.0
10 119 1.0
10 217 1.0
10 225 1.0
10 231 1.0
10 237 1.0
10 259 1.0
10 274 1.0
10 316 1.0
10 365 1.0
10 411 1.0
10 414 1.0
10 417 1.0
10 434 1.0
10 450 1.0
10 497 1.0
10 507 1.0
10 517 1.0
10 534 1.0
10 675 1.0
10 681 1.0
10 734 1.0
10 777 1.0
10 787 1.0
10 827 1.0
10 897 1.0
10 928 1.0
11 13 1.0
11 16 1.0
11 17 1.0
11 24 1.0
11 25 1.0
11 26 1.0
11 27 1.0
11 28 1.0
11 29 1.0
11 35 1.0
11 42 1.0
11 50 1.0
11 66 1.0
11 74 1.0
11 83 1.0
11 87 1.0
11 97 1.0
11 109 1.0
11 110 1.0
11 114 1.0
11 125 1.0
11 133 1.0
11 134 1.0
11 136 1.0
11 140 1.0
11 142 1.0
11 144 1.0
11 158 1.0
11 168 1.0
11 173 1.0
11 181 1.0
11 197 1.0
11 199 1.0
11 200 1.0
11 209 1.0
11 216 1.0
11 233 1.0
11 242 1.0
11 256 1.0
11 259 1.0
11 283 1.0
11 304 1.0
11 310 1.0
11 311 1.0
11 318 1.0
11 319 1.0
11 346 1.0
11 359 1.0
11 364 1.0
11 368 1.0
11 380 1.0
11 382 1.0
11 403 1.0
11 406 1.0
11 409 1.0
11 427 1.0
11 444 1.0
11 459 1.0
11 470 1.0
11 481 1.0
11 483 1.0
11 486 1.0
11 489 1.0
11 503 1.0
11 506 1.0
11 509 1.0
11 519 1.0
11 526 1.0
11 528 1.0
11 529 1.0
11 541 1.0
11 572 1.0
11 585 1.0
11 587 1.0
11 588 1.0
11 621 1.0
11 624 1.0
11 627 1.0
11 660 1.0
11 676 1.0
11 688 1.0
11 702 1.0
11 758 1.0
11 798 1.0
11 813 1.0
11 838 1.0
11 854 1.0
11 874 1.0
11 952 1.0
11 957 1.0
12 24 1.0
12 27 1.0
12 33 1.0
12 57 1.0
12 58 1.0
12 64 1.0
12 74 1.0
12 75 1.0
12 80 1.0
12 91 1.0
12 99 1.0
12 110 1.0
12 126 1.0
12 127 1.0
12 161 1.0
12 196 1.0
12 239 1.0
12 282 1.0
12 322 1.0
12 331 1.0
12 341 1.0
12 377 1.0
12 382 1.0
12 391 1.0
12 402 1.0
12 423 1.0
12 452 1.0
12 459 1.0
12 488 1.0
12 489 1.0
12 511 1.0
12 517 1.0
12 521 1.0
12 625 1.0
12 726 1.0
12 730 1.0
12 759 1.0
12 779 1.0
12 785 1.0
12 795 1.0
12 802 1.0
12 838 1.0
12 947 1.0
12 965 1.0
13 25 1.0
13 29 1.0
13 39 1.0
13 59 1.0
13 79 1.0
13 87 1.0
13 92 1.0
13 188 1.0
13 206 1.0
13 223 1.0
13 252 1.0
13 259 1.0
13 261 1.0
13 262 1.0
13 273 1.0
13 332 1.0
13 355 1.0
13 386 1.0
13 390 1.0
13 428 1.0
13 458 1.0
13 464 1.0
13 616 1.0
13 646 1.0
13 667 1.0
13 677 1.0
13 747 1.0
13 789 1.0
13 828 1.0
13 834 1.0
13 835 1.0
13 865 1.0
13 882 1.0
13 954 1.0
13 986 1.0
14 16 1.0
14 32 1.0
14 45 1.0
14 50 1.0
14 55 1.0
14 58 1.0
14 65 1.0
14 71 1.0
14 78 1.0
14 79 1.0
14 133 1.0
14 141 1.0
14 143 1.0
14 153 1.0
14 169 1.0
14 178 1.0
14 190 1.0
14 232 1.0
14 241 1.0
14 255 1.0
14 266 1.0
14 279 1.0
14 283 1.0
14 287 1.0
14 292 1.0
14 312 1.0
14 345 1.0
14 378 1.0
14 381 1.0
14 417 1.0
14 435 1.0
14 439 1.0
14 460 1.0
14 471 1.0
14 481 1.0
14 491 1.0
14 500 1.0
14 505 1.0
14 530 1.0
14 535 1.0
14 540 1.0
14 544 1.0
14 573 1.0
14 614 1.0
14 629 1.0
14 645 1.0
14 657 1.0
14 665 1.0
14 671 1.0
14 677 1.0
14 691 1.0
14 705 1.0
14 716 1.0
14 734 1.0
14 760 1.0
14 765 1.0
14 790 1.0
14 821 1.0
14 826 1.0
14 851 1.0
14 913 1.0
14 915 1.0
14 940 1.0
14 953 1.0
15 22 1.0
15 28 1.0
15 36 1.0
15 38 1.0
15 42 1.0
15 92 1.0
15 116 1.0
15 172 1.0
15 216 1.0
15 285 1.0
15 330 1.0
15 375 1.0
15 385 1.0
15 390 1.0
15 508 1.0
15 783 1.0
15 785 1.0
15 830 1.0
15 883 1.0
16 21 1.0
16 22 1.0
16 23 1.0
16 44 1.0
16 53 1.0
16 63 1.0
16 67 1.0
16 68 1.0
16 79 1.0
16 84 1.0
16 87 1.0
16 109 1.0
16 113 1.0
16 120 1.0
16 122 1.0
16 129 1.0
16 132 1.0
16 153 1.0
16 170 1.0
16 175 1.0
16 178 1.0
16 183 1.0
16 193 1.0
16 199 1.0
16 204 1.0
16 215 1.0
16 223 1.0
16 235 1.0
16 239 1.0
16 270 1.0
16 296 1.0
16 328 1.0
16 331 1.0
16 334 1.0
16 342 1.0
16 380 1.0
16 383 1.0
16 387 1.0
16 398 1.0
16 403 1.0
16 421 1.0
16 428 1.0
16 431 1.0
16 492 1.0
16 503 1.0
16 545 1.0
16 562 1.0
16 570 1.0
16 576 1.0
16 586 1.0
16 610 1.0
16 613 1.0
16 623 1.0
16 640 1.0
16 670 1.0
16 682 1.0
16 689 1.0
16 695 1.0
16 720 1.0
16 725 1.0
16 740 1.0
16 773 1.0
16 790 1.0
16 805 1.0
16 830 1.0
16 848 1.0
16 864 1.0
16 866 1.0
16 871 1.0
16 919 1.0
16 929 1.0
16 961 1.0
16 973 1.0
16 979 1.0
17 18 1.0
17 43 1.0
17 51 1.0
17 52 1.0
17 60 1.0
17 73 1.0
17 88 1.0
17 118 1.0
17 137 1.0
17 191 1.0
17 205 1.0
17 230 1.0
17 266 1.0
17 269 1.0
17 270 1.0
17 325 1.0
17 343 1.0
17 366 1.0
17 397 1.0
17 434 1.0
17 446 1.0
17 478 1.0
17 486 1.0
17 515 1.0
17 539 1.0
17 571 1.0
17 575 1.0
17 606 1.0
17 673 1.0
17 693 1.0
17 707 1.0
17 813 1.0
17 828 1.0
17 834 1.0
17 868 1.0
17 888 1.0
17 917 1.0
17 924 1.0
17 943 1.0
17 951 1.0
17 955 1.0
17 993 1.0
18 19 1.0
18 27 1.0
18 29 1.0
18 31 1.0
18 35 1.0
18 42 1.0
18 43 1.0
18 47 1.0
18 49 1.0
18 64 1.0
18 66 1.0
18 73 1.0
18 82 1.0
18 89 1.0
18 93 1.0
18 101 1.0
18 126 1.0
18 138 1.0
18 162 1.0
18 184 1.0
18 187 1.0
18 192 1.0
18 201 1.0
18 210 1.0
18 244 1.0
18 265 1.0
18 286 1.0
18 294 1.0
18 314 1.0
18 319 1.0
18 332 1.0
18 333 1.0
18 344 1.0
18 389 1.0
18 401 1.0
18 410 1.0
18 411 1.0
18 439 1.0
18 444 1.0
18 455 1.0
18 518 1.0
18 520 1.0
18 528 1.0
18 531 1.0
18 547 1.0
18 551 1.0
18 561 1.0
18 591 1.0
18 600 1.0
18 601 1.0
18 655 1.0
18 662 1.0
18 713 1.0
18 721 1.0
18 753 1.0
18 773 1.0
18 800 1.0
18 829 1.0
18 848 1.0
18 849 1.0
18 869 1.0
18 872 1.0
18 896 1.0
18 899 1.0
18 921 1.0
18 927 1.0
18 931 1.0
18 932 1.0
18 959 1.0
18 991 1.0
18 999 1.0
19 30 1.0
19 32 1.0
19 43 1.0
19 44 1.0
19 48 1.0
19 77 1.0
19 114 1.0
19 116 1.0
19 160 1.0
19 213 1.0
19 324 1.0
19 341 1.0
19 344 1.0
19 370 1.0
19 442 1.0
19 535 1.0
19 559 1.0
19 564 1.0
19 590 1.0
19 604 1.0
19 649 1.0
19 697 1.0
19 708 1.0
19 716 1.0
19 775 1.0
19 928 1.0
20 55 1.0
20 59 1.0
20 95 1.0
20 126 1.0
20 234 1.0
20 246 1.0
20 370 1.0
20 448 1.0
20 500 1.0
20 509 1.0
20 522 1.0
20 735 1.0
20 866 1.0
20 882 1.0
20 938 1.0
21 39 1.0
21 41 1.0
21 48 1.0
21 128 1.0
21 152 1.0
21 166 1.0
21 170 1.0
21 186 1.0
21 234 1.0
21 265 1.0
21 356 1.0
21 378 1.0
21 524 1.0
21 533 1.0
21 567 1.0
21 625 1.0
21 660 1.0
21 822 1.0
21 885 1.0
21 889 1.0
21 916 1.0
21 941 1.0
22 49 1.0
22 55 1.0
22 76 1.0
22 127 1.0
22 191 1.0
22 230 1.0
22 269 1.0
22 279 1.0
22 313 1.0
22 518 1.0
22 564 1.0
22 584 1.0
22 645 1.0
22 704 1.0
22 710 1.0
22 722 1.0
22 861 1.0
22 874 1.0
22 897 1.0
22 904 1.0
22 976 1.0
23 29 1.0
23 30 1.0
23 48 1.0
23 51 1.0
23 58 1.0
23 88 1.0
23 112 1.0
23 174 1.0
23 183 1.0
23 270 1.0
23 289 1.0
23 304 1.0
23 333 1.0
23 379 1.0
23 457 1.0
23 502 1.0
23 664 1.0
23 714 1.0
23 755 1.0
23 796 1.0
23 913 1.0
23 918 1.0
24 44 1.0
24 50 1.0
24 51 1.0
24 57 1.0
24 82 1.0
24 114 1.0
24 136 1.0
24 137 1.0
24 139 1.0
24 152 1.0
24 159 1.0
24 160 1.0
24 163 1.0
24 164 1.0
24 173 1.0
24 174 1.0
24 175 1.0
24 180 1.0
24 207 1.0
24 211 1.0
24 214 1.0
24 227 1.0
24 271 1.0
24 277 1.0
24 294 1.0
24 303 1.0
24 305 1.0
24 358 1.0
24 463 1.0
24 468 1.0
24 470 1.0
24 472 1.0
24 501 1.0
24 525 1.0
24 556 1.0
24 591 1.0
24 601 1.0
24 689 1.0
24 736 1.0
24 818 1.0
24 832 1.0
24 865 1.0
24 881 1.0
24 888 1.0
24 982 1.0
24 986 1.0
24 995 1.0
25 42 1.0
25 83 1.0
25 110 1.0
25 139 1.0
25 226 1.0
25 293 1.0
25 376 1.0
25 457 1.0
25 607 1.0
25 614 1.0
25 800 1.0
25 808 1.0
25 847 1.0
25 890 1.0
25 1000 1.0
26 36 1.0
26 38 1.0
26 52 1.0
26 69 1.0
26 80 1.0
26 81 1.0
26 90 1.0
26 118 1.0
26 123 1.0
26 124 1.0
26 131 1.0
26 137 1.0
26 151 1.0
26 161 1.0
26 198 1.0
26 218 1.0
26 240 1.0
26 326 1.0
26 361 1.0
26 367 1.0
26 387 1.0
26 398 1.0
26 463 1.0
26 473 1.0
26 533 1.0
26 535 1.0
26 556 1.0
26 566 1.0
26 587 1.0
26 590 1.0
26 592 1.0
26 614 1.0
26 666 1.0
26 707 1.0
26 766 1.0
26 779 1.0
26 796 1.0
26 855 1.0
26 880 1.0
27 49 1.0
27 103 1.0
27 108 1.0
27 185 1.0
27 208 1.0
27 231 1.0
27 305 1.0
27 332 1.0
27 350 1.0
27 523 1.0
27 680 1.0
27 698 1.0
27 862 1.0
27 876 1.0
28 40 1.0
28 46 1.0
28 73 1.0
28 82 1.0
28 86 1.0
28 89 1.0
28 94 1.0
28 96 1.0
28 169 1.0
28 174 1.0
28 193 1.0
28 210 1.0
28 248 1.0
28 357 1.0
28 361 1.0
28 369 1.0
28 461 1.0
28 512 1.0
28 543 1.0
28 585 1.0
28 595 1.0
28 608 1.0
28 615 1.0
28 616 1.0
28 628 1.0
28 742 1.0
28 892 1.0
28 995 1.0
29 38 1.0
29 60 1.0
29 70 1.0
29 108 1.0
29 121 1.0
29 123 1.0
29 124 1.0
29 131 1.0
29 189 1.0
29 214 1.0
29 215 1.0
29 232 1.0
29 278 1.0
29 328 1.0
29 337 1.0
29 347 1.0
29 480 1.0
29 602 1.0
29 649 1.0
29 787 1.0
29 800 1.0
29 833 1.0
29 835 1.0
29 934 1.0
30 48 1.0
30 51 1.0
30 67 1.0
30 78 1.0
30 86 1.0
30 146 1.0
30 346 1.0
30 430 1.0
30 605 1.0
30 629 1.0
30 655 1.0
30 656 1.0
30 792 1.0
30 807 1.0
30 809 1.0
31 74 1.0
31 94 1.0
31 144 1.0
31 204 1.0
31 300 1.0
31 430 1.0
31 488 1.0
31 500 1.0
31 546 1.0
31 628 1.0
31 719 1.0
31 763 1.0
31 797 1.0
31 799 1.0
31 885 1.0
32 45 1.0
32 50 1.0
32 57 1.0
32 59 1.0
32 60 1.0
32 97 1.0
32 98 1.0
32 101 1.0
32 105 1.0
32 115 1.0
32 126 1.0
32 130 1.0
32 166 1.0
32 328 1.0
32 341 1.0
32 365 1.0
32 374 1.0
32 393 1.0
32 402 1.0
32 446 1.0
32 455 1.0
32 456 1.0
32 458 1.0
32 477 1.0
32 484 1.0
32 488 1.0
32 494 1.0
32 583 1.0
32 592 1.0
32 626 1.0
32 685 1.0
32 728 1.0
32 793 1.0
32 893 1.0
32 896 1.0
32 946 1.0
33 38 1.0
33 42 1.0
33 87 1.0
33 107 1.0
33 113 1.0
33 160 1.0
33 195 1.0
33 260 1.0
33 350 1.0
33 419 1.0
33 447 1.0
33 493 1.0
33 501 1.0
33 508 1.0
33 553 1.0
33 595 1.0
33 731 1.0
33 763 1.0
33 830 1.0
33 833 1.0
33 863 1.0
33 888 1.0
33 893 1.0
34 35 1.0
34 37 1.0
34 56 1.0
34 68 1.0
34 69 1.0
34 78 1.0
34 83 1.0
34 105 1.0
34 115 1.0
34 122 1.0
34 141 1.0
34 177 1.0
34 219 1.0
34 227 1.0
34 237 1.0
34 255 1.0
34 258 1.0
34 283 1.0
34 307 1.0
34 347 1.0
34 358 1.0
34 374 1.0
34 377 1.0
34 395 1.0
34 407 1.0
34 414 1.0
34 421 1.0
34 424 1.0
34 428 1.0
34 430 1.0
34 438 1.0
34 448 1.0
34 494 1.0
34 496 1.0
34 503 1.0
34 512 1.0
34 545 1.0
34 566 1.0
34 572 1.0
34 576 1.0
34 612 1.0
34 645 1.0
34 744 1.0
34 802 1.0
34 806 1.0
34 866 1.0
34 898 1.0
34 916 1.0
34 922 1.0
34 958 1.0
34 965 1.0
35 91 1.0
35 165 1.0
35 182 1.0
35 210 1.0
35 222 1.0
35 255 1.0
35 310 1.0
35 325 1.0
35 413 1.0
35 462 1.0
35 487 1.0
35 498 1.0
35 499 1.0
35 505 1.0
35 661 1.0
35 680 1.0
35 760 1.0
35 785 1.0
35 786 1.0
35 814 1.0
35 834 1.0
35 857 1.0
35 922 1.0
35 934 1.0
35 941 1.0
35 971 1.0
36 41 1.0
36 66 1.0
36 77 1.0
36 88 1.0
36 109 1.0
36 163 1.0
36 202 1.0
36 219 1.0
36 250 1.0
36 332 1.0
36 389 1.0
36 499 1.0
36 520 1.0
36 535 1.0
36 544 1.0
36 673 1.0
36 844 1.0
36 867 1.0
36 913 1.0
36 985 1.0
37 40 1.0
37 90 1.0
37 134 1.0
37 196 1.0
37 201 1.0
37 238 1.0
37 295 1.0
37 322 1.0
37 352 1.0
37 451 1.0
37 510 1.0
37 544 1.0
37 585 1.0
37 633 1.0
37 736 1.0
37 737 1.0
37 775 1.0
37 858 1.0
37 980 1.0
38 69 1.0
38 92 1.0
38 102 1.0
38 104 1.0
38 229 1.0
38 268 1.0
38 543 1.0
38 544 1.0
38 766 1.0
38 895 1.0
39 55 1.0
39 64 1.0
39 72 1.0
39 107 1.0
39 142 1.0
39 284 1.0
39 299 1.0
39 301 1.0
39 365 1.0
39 366 1.0
39 478 1.0
39 502 1.0
39 713 1.0
39 926 1.0
40 49 1.0
40 80 1.0
40 94 1.0
40 112 1.0
40 130 1.0
40 132 1.0
40 153 1.0
40 176 1.0
40 202 1.0
40 217 1.0
40 238 1.0
40 244 1.0
40 337 1.0
40 394 1.0
40 435 1.0
40 437 1.0
40 470 1.0
40 484 1.0
40 637 1.0
40 803 1.0
40 937 1.0
40 954 1.0
41 46 1.0
41 48 1.0
41 57 1.0
41 64 1.0
41 68 1.0
41 75 1.0
41 102 1.0
41 117 1.0
41 135 1.0
41 171 1.0
41 176 1.0
41 179 1.0
41 180 1.0
41 185 1.0
41 192 1.0
41 248 1.0
41 256 1.0
41 320 1.0
41 528 1.0
41 630 1.0
41 659 1.0
41 677 1.0
41 688 1.0
41 804 1.0
41 808 1.0
41 879 1.0
41 893 1.0
41 949 1.0
42 46 1.0
42 52 1.0
42 91 1.0
42 218 1.0
42 315 1.0
42 461 1.0
42 515 1.0
42 691 1.0
42 764 1.0
42 855 1.0
42 916 1.0
43 628 1.0
44 56 1.0
44 65 1.0
44 86 1.0
44 89 1.0
44 92 1.0
44 100 1.0
44 112 1.0
44 132 1.0
44 157 1.0
44 192 1.0
44 206 1.0
44 292 1.0
44 303 1.0
44 319 1.0
44 362 1.0
44 394 1.0
44 427 1.0
44 594 1.0
44 597 1.0
44 669 1.0
44 674 1.0
44 686 1.0
44 692 1.0
44 694 1.0
44 727 1.0
44 729 1.0
44 754 1.0
44 758 1.0
44 778 1.0
44 846 1.0
44 902 1.0
44 905 1.0
44 953 1.0
44 969 1.0
45 53 1.0
45 61 1.0
45 81 1.0
45 146 1.0
45 165 1.0
45 178 1.0
45 208 1.0
45 219 1.0
45 239 1.0
45 259 1.0
45 273 1.0
45 289 1.0
45 302 1.0
45 318 1.0
45 334 1.0
45 352 1.0
45 461 1.0
45 467 1.0
45 474 1.0
45 475 1.0
45 602 1.0
45 610 1.0
45 613 1.0
45 641 1.0
45 654 1.0
45 664 1.0
45 730 1.0
45 741 1.0
45 771 1.0
45 803 1.0
45 811 1.0
45 822 1.0
45 920 1.0
45 972 1.0
45 982 1.0
46 52 1.0
46 53 1.0
46 58 1.0
46 92 1.0
46 155 1.0
46 214 1.0
46 283 1.0
46 298 1.0
46 514 1.0
46 568 1.0
46 579 1.0
46 778 1.0
46 806 1.0
46 956 1.0
47 61 1.0
47 116 1.0
47 228 1.0
47 282 1.0
47 313 1.0
47 327 1.0
47 433 1.0
47 506 1.0
47 536 1.0
47 792 1.0
47 826 1.0
47 859 1.0
48 113 1.0
48 127 1.0
48 135 1.0
48 154 1.0
48 162 1.0
48 175 1.0
48 261 1.0
48 278 1.0
48 285 1.0
48 306 1.0
48 469 1.0
48 487 1.0
48 596 1.0
48 685 1.0
48 715 1.0
48 779 1.0
48 834 1.0
48 939 1.0
49 59 1.0
49 62 1.0
49 63 1.0
49 68 1.0
49 84 1.0
49 85 1.0
49 111 1.0
49 118 1.0
49 135 1.0
49 164 1.0
49 172 1.0
49 202 1.0
49 295 1.0
49 317 1.0
49 437 1.0
49 461 1.0
49 636 1.0
49 639 1.0
49 656 1.0
49 678 1.0
49 690 1.0
49 745 1.0
49 793 1.0
49 883 1.0
49 898 1.0
49 924 1.0
49 985 1.0
50 56 1.0
50 82 1.0
50 141 1.0
50 146 1.0
50 148 1.0
50 157 1.0
50 171 1.0
50 249 1.0
50 268 1.0
50 275 1.0
50 415 1.0
50 437 1.0
50 458 1.0
50 490 1.0
50 498 1.0
50 517 1.0
50 522 1.0
50 536 1.0
50 573 1.0
50 588 1.0
50 697 1.0
50 798 1.0
50 960 1.0
51 62 1.0
51 72 1.0
51 128 1.0
51 153 1.0
51 159 1.0
51 181 1.0
51 210 1.0
51 253 1.0
51 263 1.0
51 281 1.0
51 291 1.0
51 301 1.0
51 352 1.0
51 427 1.0
51 619 1.0
51 939 1.0
52 96 1.0
52 148 1.0
52 156 1.0
52 208 1.0
52 234 1.0
52 250 1.0
52 253 1.0
52 282 1.0
52 291 1.0
52 308 1.0
52 367 1.0
52 530 1.0
52 674 1.0
52 851 1.0
53 54 1.0
53 60 1.0
53 71 1.0
53 211 1.0
53 235 1.0
53 406 1.0
53 418 1.0
53 499 1.0
53 515 1.0
53 579 1.0
53 705 1.0
53 799 1.0
53 930 1.0
54 67 1.0
54 95 1.0
54 99 1.0
54 140 1.0
54 193 1.0
54 231 1.0
54 238 1.0
54 264 1.0
54 266 1.0
54 288 1.0
54 326 1.0
54 332 1.0
54 351 1.0
54 359 1.0
54 366 1.0
54 419 1.0
54 647 1.0
54 792 1.0
54 880 1.0
54 950 1.0
55 230 1.0
55 324 1.0
55 362 1.0
55 508 1.0
55 548 1.0
55 666 1.0
55 823 1.0
55 836 1.0
55 909 1.0
55 910 1.0
55 995 1.0
56 70 1.0
56 99 1.0
56 225 1.0
56 262 1.0
56 310 1.0
56 321 1.0
56 326 1.0
56 374 1.0
56 385 1.0
56 429 1.0
56 435 1.0
56 436 1.0
56 466 1.0
56 481 1.0
56 482 1.0
56 558 1.0
56 661 1.0
56 697 1.0
56 740 1.0
56 744 1.0
56 937 1.0
57 107 1.0
57 120 1.0
57 134 1.0
57 155 1.0
57 156 1.0
57 191 1.0
57 264 1.0
57 313 1.0
57 336 1.0
57 400 1.0
57 407 1.0
57 442 1.0
57 495 1.0
57 612 1.0
57 681 1.0
57 707 1.0
57 772 1.0
57 819 1.0
57 892 1.0
57 930 1.0
58 63 1.0
58 81 1.0
58 87 1.0
58 99 1.0
58 114 1.0
58 118 1.0
58 121 1.0
58 123 1.0
58 167 1.0
58 171 1.0
58 179 1.0
58 222 1.0
58 251 1.0
58 282 1.0
58 295 1.0
58 353 1.0
58 357 1.0
58 391 1.0
58 409 1.0
58 417 1.0
58 433 1.0
58 454 1.0
58 494 1.0
58 503 1.0
58 507 1.0
58 520 1.0
58 526 1.0
58 600 1.0
58 605 1.0
58 611 1.0
58 623 1.0
58 694 1.0
58 695 1.0
58 698 1.0
58 776 1.0
58 872 1.0
58 981 1.0
59 138 1.0
59 149 1.0
59 244 1.0
59 320 1.0
59 390 1.0
59 534 1.0
59 568 1.0
59 642 1.0
59 665 1.0
59 838 1.0
59 884 1.0
59 997 1.0
60 93 1.0
60 94 1.0
60 95 1.0
60 108 1.0
60 139 1.0
60 165 1.0
60 384 1.0
60 471 1.0
60 577 1.0
60 699 1.0
60 737 1.0
60 891 1.0
60 960 1.0
60 996 1.0
61 74 1.0
61 166 1.0
61 327 1.0
61 334 1.0
61 585 1.0
61 738 1.0
62 70 1.0
62 73 1.0
62 77 1.0
62 83 1.0
62 90 1.0
62 127 1.0
62 173 1.0
62 192 1.0
62 207 1.0
62 238 1.0
62 307 1.0
62 367 1.0
62 405 1.0
62 423 1.0
62 484 1.0
62 496 1.0
62 567 1.0
62 581 1.0
62 626 1.0
62 634 1.0
62 756 1.0
62 844 1.0
62 876 1.0
62 941 1.0
62 942 1.0
63 100 1.0
63 112 1.0
63 155 1.0
63 176 1.0
63 184 1.0
63 205 1.0
63 264 1.0
63 269 1.0
63 300 1.0
63 345 1.0
63 405 1.0
63 410 1.0
63 433 1.0
63 440 1.0
63 451 1.0
63 506 1.0
63 618 1.0
63 648 1.0
63 701 1.0
63 704 1.0
63 741 1.0
63 825 1.0
63 836 1.0
63 887 1.0
63 905 1.0
63 938 1.0
64 72 1.0
64 85 1.0
64 94 1.0
64 127 1.0
64 167 1.0
64 198 1.0
64 267 1.0
64 297 1.0
64 318 1.0
64 356 1.0
64 389 1.0
64 412 1.0
64 449 1.0
64 474 1.0
64 552 1.0
64 598 1.0
64 604 1.0
64 606 1.0
64 653 1.0
64 706 1.0
64 748 1.0
64 786 1.0
64 893 1.0
64 963 1.0
65 160 1.0
65 290 1.0
65 320 1.0
65 344 1.0
65 364 1.0
65 416 1.0
65 529 1.0
65 622 1.0
65 680 1.0
65 704 1.0
65 754 1.0
65 756 1.0
65 876 1.0
65 948 1.0
66 170 1.0
66 261 1.0
66 298 1.0
66 614 1.0
67 125 1.0
67 136 1.0
67 392 1.0
67 569 1.0
67 644 1.0
67 660 1.0
67 679 1.0
67 810 1.0
67 840 1.0
67 884 1.0
68 81 1.0
68 84 1.0
68 85 1.0
68 118 1.0
68 128 1.0
68 137 1.0
68 147 1.0
68 159 1.0
68 193 1.0
68 210 1.0
68 221 1.0
68 239 1.0
68 278 1.0
68 294 1.0
68 338 1.0
68 346 1.0
68 363 1.0
68 379 1.0
68 381 1.0
68 387 1.0
68 393 1.0
68 490 1.0
68 497 1.0
68 520 1.0
68 536 1.0
68 541 1.0
68 543 1.0
68 638 1.0
68 647 1.0
68 669 1.0
68 748 1.0
68 795 1.0
68 839 1.0
68 865 1.0
68 992 1.0
69 73 1.0
69 75 1.0
69 152 1.0
69 252 1.0
69 402 1.0
69 414 1.0
69 468 1.0
69 491 1.0
69 619 1.0
69 801 1.0
70 91 1.0
70 103 1.0
70 148 1.0
70 211 1.0
70 215 1.0
70 262 1.0
70 263 1.0
70 270 1.0
70 325 1.0
70 346 1.0
70 627 1.0
70 668 1.0
70 686 1.0
70 836 1.0
71 177 1.0
71 245 1.0
71 253 1.0
71 331 1.0
71 562 1.0
71 611 1.0
72 111 1.0
72 142 1.0
72 285 1.0
72 286 1.0
72 322 1.0
72 375 1.0
72 376 1.0
72 381 1.0
72 386 1.0
72 412 1.0
72 521 1.0
72 675 1.0
72 693 1.0
72 715 1.0
72 717 1.0
72 777 1.0
72 798 1.0
72 818 1.0
72 824 1.0
72 829 1.0
72 886 1.0
72 998 1.0
73 93 1.0
73 101 1.0
73 104 1.0
73 114 1.0
73 120 1.0
73 121 1.0
73 133 1.0
73 148 1.0
73 158 1.0
73 190 1.0
73 194 1.0
73 209 1.0
73 222 1.0
73 224 1.0
73 247 1.0
73 427 1.0
73 442 1.0
73 516 1.0
73 612 1.0
73 675 1.0
73 692 1.0
73 735 1.0
73 770 1.0
73 827 1.0
73 911 1.0
73 985 1.0
74 98 1.0
74 181 1.0
74 251 1.0
74 353 1.0
74 423 1.0
74 458 1.0
74 533 1.0
74 551 1.0
74 595 1.0
74 649 1.0
74 798 1.0
74 987 1.0
75 134 1.0
75 169 1.0
75 280 1.0
75 281 1.0
75 438 1.0
75 594 1.0
75 644 1.0
75 802 1.0
75 959 1.0
76 146 1.0
76 189 1.0
76 250 1.0
76 260 1.0
76 357 1.0
76 379 1.0
76 427 1.0
76 692 1.0
76 804 1.0
76 805 1.0
76 858 1.0
76 990 1.0
77 107 1.0
77 135 1.0
77 156 1.0
77 191 1.0
77 233 1.0
77 284 1.0
77 315 1.0
77 390 1.0
77 438 1.0
77 578 1.0
77 642 1.0
77 696 1.0
77 742 1.0
77 818 1.0
77 871 1.0
77 919 1.0
78 89 1.0
78 103 1.0
78 112 1.0
78 131 1.0
78 163 1.0
78 180 1.0
78 186 1.0
78 188 1.0
78 417 1.0
78 453 1.0
78 454 1.0
78 740 1.0
78 758 1.0
78 788 1.0
78 814 1.0
79 83 1.0
79 145 1.0
79 162 1.0
79 213 1.0
79 243 1.0
79 454 1.0
79 508 1.0
79 539 1.0
79 545 1.0
79 899 1.0
79 909 1.0
79 932 1.0
79 940 1.0
79 980 1.0
80 82 1.0
80 85 1.0
80 111 1.0
80 120 1.0
80 124 1.0
80 148 1.0
80 156 1.0
80 197 1.0
80 204 1.0
80 220 1.0
80 222 1.0
80 223 1.0
80 249 1.0
80 277 1.0
80 335 1.0
80 378 1.0
80 410 1.0
80 465 1.0
80 473 1.0
80 532 1.0
80 583 1.0
80 606 1.0
80 635 1.0
80 744 1.0
80 799 1.0
80 822 1.0
80 851 1.0
80 862 1.0
80 943 1.0
80 954 1.0
80 974 1.0
81 84 1.0
81 93 1.0
81 110 1.0
81 141 1.0
81 212 1.0
81 247 1.0
81 335 1.0
81 355 1.0
81 367 1.0
81 490 1.0
81 560 1.0
81 597 1.0
81 638 1.0
81 685 1.0
81 692 1.0
81 700 1.0
81 782 1.0
81 936 1.0
82 119 1.0
82 280 1.0
82 366 1.0
82 567 1.0
82 794 1.0
82 874 1.0
82 916 1.0
82 928 1.0
83 88 1.0
83 144 1.0
83 234 1.0
83 246 1.0
83 437 1.0
83 750 1.0
83 758 1.0
83 833 1.0
83 842 1.0
83 988 1.0
84 130 1.0
84 137 1.0
84 158 1.0
84 224 1.0
84 334 1.0
84 487 1.0
84 624 1.0
84 642 1.0
84 847 1.0
85 95 1.0
85 133 1.0
85 179 1.0
85 426 1.0
85 439 1.0
85 607 1.0
85 727 1.0
85 759 1.0
85 806 1.0
85 850 1.0
85 899 1.0
85 997 1.0
86 180 1.0
86 198 1.0
86 225 1.0
86 287 1.0
86 362 1.0
86 472 1.0
86 537 1.0
86 547 1.0
86 819 1.0
86 989 1.0
87 147 1.0
87 204 1.0
87 262 1.0
87 268 1.0
87 276 1.0
87 377 1.0
87 418 1.0
87 453 1.0
87 513 1.0
87 588 1.0
87 661 1.0
87 743 1.0
87 771 1.0
87 776 1.0
87 894 1.0
87 978 1.0
88 206 1.0
88 311 1.0
88 891 1.0
88 933 1.0
89 97 1.0
89 98 1.0
89 152 1.0
89 159 1.0
89 176 1.0
89 190 1.0
89 202 1.0
89 233 1.0
89 306 1.0
89 509 1.0
89 512 1.0
89 575 1.0
89 647 1.0
89 716 1.0
90 109 1.0
90 195 1.0
90 200 1.0
90 228 1.0
90 288 1.0
90 349 1.0
90 378 1.0
90 391 1.0
90 424 1.0
90 504 1.0
90 558 1.0
90 654 1.0
90 706 1.0
90 733 1.0
90 914 1.0
90 995 1.0
91 264 1.0
91 299 1.0
91 914 1.0
92 116 1.0
92 164 1.0
92 172 1.0
92 223 1.0
92 298 1.0
92 353 1.0
92 384 1.0
92 477 1.0
92 534 1.0
92 578 1.0
92 589 1.0
92 717 1.0
92 720 1.0
92 842 1.0
92 874 1.0
92 890 1.0
92 929 1.0
92 942 1.0
93 117 1.0
93 123 1.0
93 151 1.0
93 169 1.0
93 178 1.0
93 182 1.0
93 194 1.0
93 224 1.0
93 228 1.0
93 241 1.0
93 279 1.0
93 285 1.0
93 296 1.0
93 305 1.0
93 306 1.0
93 360 1.0
93 363 1.0
93 364 1.0
93 385 1.0
93 432 1.0
93 444 1.0
93 474 1.0
93 477 1.0
93 485 1.0
93 516 1.0
93 542 1.0
93 593 1.0
93 606 1.0
93 615 1.0
93 631 1.0
93 635 1.0
93 693 1.0
93 717 1.0
93 736 1.0
93 783 1.0
93 795 1.0
93 850 1.0
93 946 1.0
93 965 1.0
93 971 1.0
93 976 1.0
93 998 1.0
94 100 1.0
94 105 1.0
94 126 1.0
94 132 1.0
94 144 1.0
94 196 1.0
94 217 1.0
94 290 1.0
94 314 1.0
94 399 1.0
94 420 1.0
94 804 1.0
94 878 1.0
94 975 1.0
95 104 1.0
95 109 1.0
95 129 1.0
95 140 1.0
95 177 1.0
95 279 1.0
95 319 1.0
95 382 1.0
95 432 1.0
95 549 1.0
95 783 1.0
95 786 1.0
95 807 1.0
95 890 1.0
95 923 1.0
96 257 1.0
96 321 1.0
96 478 1.0
96 581 1.0
96 591 1.0
96 672 1.0
96 814 1.0
96 876 1.0
97 154 1.0
97 182 1.0
97 212 1.0
97 228 1.0
97 243 1.0
97 248 1.0
97 300 1.0
97 313 1.0
97 369 1.0
97 426 1.0
97 456 1.0
97 463 1.0
97 492 1.0
97 660 1.0
97 784 1.0
98 108 1.0
98 397 1.0
98 491 1.0
98 537 1.0
98 576 1.0
98 731 1.0
98 864 1.0
99 306 1.0
99 336 1.0
99 353 1.0
99 527 1.0
99 690 1.0
99 691 1.0
99 762 1.0
100 102 1.0
100 125 1.0
100 881 1.0
101 128 1.0
101 182 1.0
101 615 1.0
101 674 1.0
101 824 1.0
101 964 1.0
102 128 1.0
102 146 1.0
102 172 1.0
102 187 1.0
102 339 1.0
102 422 1.0
102 558 1.0
102 589 1.0
102 659 1.0
102 740 1.0
102 915 1.0
102 967 1.0
102 976 1.0
103 345 1.0
103 354 1.0
103 486 1.0
103 602 1.0
103 701 1.0
103 816 1.0
103 908 1.0
104 122 1.0
104 138 1.0
104 143 1.0
104 163 1.0
104 164 1.0
104 236 1.0
104 261 1.0
104 277 1.0
104 358 1.0
104 447 1.0
104 474 1.0
104 539 1.0
104 553 1.0
104 583 1.0
104 605 1.0
104 665 1.0
105 106 1.0
105 129 1.0
105 147 1.0
105 188 1.0
105 218 1.0
105 263 1.0
105 268 1.0
105 280 1.0
105 371 1.0
105 468 1.0
105 477 1.0
105 519 1.0
105 547 1.0
105 806 1.0
105 837 1.0
105 845 1.0
105 854 1.0
105 973 1.0
106 151 1.0
106 169 1.0
106 218 1.0
106 245 1.0
106 278 1.0
106 369 1.0
106 413 1.0
106 438 1.0
106 450 1.0
106 546 1.0
106 597 1.0
106 707 1.0
106 879 1.0
106 880 1.0
106 984 1.0
107 193 1.0
107 197 1.0
107 220 1.0
107 265 1.0
107 284 1.0
107 297 1.0
107 305 1.0
107 326 1.0
107 333 1.0
107 342 1.0
107 370 1.0
107 493 1.0
107 519 1.0
107 559 1.0
107 572 1.0
107 590 1.0
107 609 1.0
107 635 1.0
107 643 1.0
107 678 1.0
107 725 1.0
107 840 1.0
107 853 1.0
107 884 1.0
107 944 1.0
107 961 1.0
108 119 1.0
108 189 1.0
108 441 1.0
108 482 1.0
108 571 1.0
108 877 1.0
108 935 1.0
108 954 1.0
109 136 1.0
109 197 1.0
109 249 1.0
109 301 1.0
109 318 1.0
109 486 1.0
109 549 1.0
109 621 1.0
109 667 1.0
110 275 1.0
110 285 1.0
110 456 1.0
110 467 1.0
110 558 1.0
110 786 1.0
111 172 1.0
111 230 1.0
111 253 1.0
111 702 1.0
111 832 1.0
112 143 1.0
112 186 1.0
112 208 1.0
112 229 1.0
112 240 1.0
112 254 1.0
112 314 1.0
112 495 1.0
112 560 1.0
112 646 1.0
112 797 1.0
112 883 1.0
113 185 1.0
113 245 1.0
113 331 1.0
113 388 1.0
113 504 1.0
113 631 1.0
113 856 1.0
114 163 1.0
114 371 1.0
114 498 1.0
114 579 1.0
114 698 1.0
114 837 1.0
114 875 1.0
114 882 1.0
114 944 1.0
114 952 1.0
115 133 1.0
115 155 1.0
115 164 1.0
115 235 1.0
115 322 1.0
115 363 1.0
115 425 1.0
115 709 1.0
115 721 1.0
115 820 1.0
115 828 1.0
115 951 1.0
115 966 1.0
116 125 1.0
116 314 1.0
116 463 1.0
116 696 1.0
116 729 1.0
116 864 1.0
117 135 1.0
117 154 1.0
117 174 1.0
117 194 1.0
117 200 1.0
117 299 1.0
117 323 1.0
117 329 1.0
117 345 1.0
117 460 1.0
117 464 1.0
117 612 1.0
117 627 1.0
117 629 1.0
117 634 1.0
117 698 1.0
117 731 1.0
117 845 1.0
117 887 1.0
117 989 1.0
118 130 1.0
118 150 1.0
118 167 1.0
118 240 1.0
118 248 1.0
118 257 1.0
118 329 1.0
118 331 1.0
118 382 1.0
118 386 1.0
118 442 1.0
118 448 1.0
118 501 1.0
118 506 1.0
118 545 1.0
118 648 1.0
118 690 1.0
118 714 1.0
118 761 1.0
118 845 1.0
120 131 1.0
120 145 1.0
120 147 1.0
120 225 1.0
120 280 1.0
120 432 1.0
120 663 1.0
120 667 1.0
120 763 1.0
120 782 1.0
120 891 1.0
121 130 1.0
121 134 1.0
121 158 1.0
121 216 1.0
121 253 1.0
121 297 1.0
121 404 1.0
121 471 1.0
121 645 1.0
122 143 1.0
122 257 1.0
122 267 1.0
122 317 1.0
122 359 1.0
122 373 1.0
122 664 1.0
122 673 1.0
122 785 1.0
122 823 1.0
123 149 1.0
123 155 1.0
123 168 1.0
123 183 1.0
123 220 1.0
123 226 1.0
123 242 1.0
123 251 1.0
123 289 1.0
123 302 1.0
123 392 1.0
123 456 1.0
123 465 1.0
123 484 1.0
123 498 1.0
123 521 1.0
123 565 1.0
123 619 1.0
123 712 1.0
123 718 1.0
123 767 1.0
123 771 1.0
123 791 1.0
124 723 1.0
125 168 1.0
126 231 1.0
126 250 1.0
126 254 1.0
126 287 1.0
126 296 1.0
126 303 1.0
126 349 1.0
126 363 1.0
126 370 1.0
126 373 1.0
126 379 1.0
126 408 1.0
126 464 1.0
126 712 1.0
126 722 1.0
126 777 1.0
126 927 1.0
127 221 1.0
127 251 1.0
127 316 1.0
127 320 1.0
127 343 1.0
127 344 1.0
127 361 1.0
127 394 1.0
127 504 1.0
127 635 1.0
127 653 1.0
127 701 1.0
127 770 1.0
128 264 1.0
128 435 1.0
128 568 1.0
128 745 1.0
128 773 1.0
129 184 1.0
129 186 1.0
129 187 1.0
129 230 1.0
129 302 1.0
129 308 1.0
129 397 1.0
129 696 1.0
129 850 1.0
129 896 1.0
129 951 1.0
129 961 1.0
130 162 1.0
130 266 1.0
130 356 1.0
130 511 1.0
130 856 1.0
131 143 1.0
131 147 1.0
131 195 1.0
131 205 1.0
131 383 1.0
131 416 1.0
131 523 1.0
131 529 1.0
131 547 1.0
131 967 1.0
131 986 1.0
132 185 1.0
132 231 1.0
132 236 1.0
132 311 1.0
132 375 1.0
132 383 1.0
132 445 1.0
132 646 1.0
132 788 1.0
132 845 1.0
132 925 1.0
132 974 1.0
133 199 1.0
133 296 1.0
133 299 1.0
133 355 1.0
133 554 1.0
133 917 1.0
133 974 1.0
134 183 1.0
134 232 1.0
134 357 1.0
134 401 1.0
134 459 1.0
134 695 1.0
134 826 1.0
134 867 1.0
134 884 1.0
134 940 1.0
135 145 1.0
135 229 1.0
135 314 1.0
135 322 1.0
135 393 1.0
135 444 1.0
135 459 1.0
135 475 1.0
135 479 1.0
135 517 1.0
135 577 1.0
135 679 1.0
135 688 1.0
135 863 1.0
135 910 1.0
136 149 1.0
136 170 1.0
136 174 1.0
136 195 1.0
136 201 1.0
136 215 1.0
136 245 1.0
136 256 1.0
136 288 1.0
136 316 1.0
136 439 1.0
136 470 1.0
136 490 1.0
136 624 1.0
136 666 1.0
136 745 1.0
136 774 1.0
136 792 1.0
136 812 1.0
136 959 1.0
137 177 1.0
137 206 1.0
137 240 1.0
137 254 1.0
137 682 1.0
137 993 1.0
138 229 1.0
138 249 1.0
138 276 1.0
138 482 1.0
138 526 1.0
138 531 1.0
138 542 1.0
138 652 1.0
138 659 1.0
138 755 1.0
138 938 1.0
139 161 1.0
139 246 1.0
139 290 1.0
139 373 1.0
139 648 1.0
139 928 1.0
140 157 1.0
140 184 1.0
140 204 1.0
140 224 1.0
140 263 1.0
140 294 1.0
140 312 1.0
140 351 1.0
140 418 1.0
140 716 1.0
140 858 1.0
140 978 1.0
141 254 1.0
141 666 1.0
141 890 1.0
142 216 1.0
142 271 1.0
142 340 1.0
142 388 1.0
142 410 1.0
142 447 1.0
142 500 1.0
142 641 1.0
142 643 1.0
142 994 1.0
143 181 1.0
143 250 1.0
143 291 1.0
143 398 1.0
143 416 1.0
143 718 1.0
144 179 1.0
144 217 1.0
144 257 1.0
144 282 1.0
144 380 1.0
144 450 1.0
144 724 1.0
144 805 1.0
144 895 1.0
145 245 1.0
145 260 1.0
145 550 1.0
145 599 1.0
145 677 1.0
145 687 1.0
145 722 1.0
145 728 1.0
145 869 1.0
145 877 1.0
145 895 1.0
146 151 1.0
146 153 1.0
146 157 1.0
146 195 1.0
146 276 1.0
146 453 1.0
146 454 1.0
146 566 1.0
146 608 1.0
146 734 1.0
146 964 1.0
147 266 1.0
147 279 1.0
147 423 1.0
147 642 1.0
147 796 1.0
148 212 1.0
148 335 1.0
148 360 1.0
149 170 1.0
149 206 1.0
149 220 1.0
149 379 1.0
149 495 1.0
149 996 1.0
150 208 1.0
150 247 1.0
150 274 1.0
150 283 1.0
150 339 1.0
150 450 1.0
150 513 1.0
150 561 1.0
150 731 1.0
150 746 1.0
151 330 1.0
151 466 1.0
152 342 1.0
152 486 1.0
152 540 1.0
152 623 1.0
152 772 1.0
152 815 1.0
153 162 1.0
153 226 1.0
153 267 1.0
153 269 1.0
153 295 1.0
153 329 1.0
153 353 1.0
153 487 1.0
153 779 1.0
153 786 1.0
153 871 1.0
153 926 1.0
153 978 1.0
154 211 1.0
154 221 1.0
154 308 1.0
154 321 1.0
154 440 1.0
154 503 1.0
154 510 1.0
154 694 1.0
154 918 1.0
155 235 1.0
155 447 1.0
155 504 1.0
156 212 1.0
156 524 1.0
156 815 1.0
156 996 1.0
157 209 1.0
157 227 1.0
157 242 1.0
157 278 1.0
157 333 1.0
157 413 1.0
157 483 1.0
157 538 1.0
157 639 1.0
157 685 1.0
157 705 1.0
158 213 1.0
158 293 1.0
158 443 1.0
158 445 1.0
158 476 1.0
158 600 1.0
158 671 1.0
158 842 1.0
158 929 1.0
159 180 1.0
159 213 1.0
159 377 1.0
159 492 1.0
159 968 1.0
160 192 1.0
160 198 1.0
160 243 1.0
160 289 1.0
160 359 1.0
160 397 1.0
160 425 1.0
160 451 1.0
161 165 1.0
161 273 1.0
161 301 1.0
161 446 1.0
161 447 1.0
161 516 1.0
161 553 1.0
161 579 1.0
161 859 1.0
161 938 1.0
161 948 1.0
162 214 1.0
162 223 1.0
162 406 1.0
162 440 1.0
162 528 1.0
162 595 1.0
162 737 1.0
163 166 1.0
163 225 1.0
163 421 1.0
163 632 1.0
163 634 1.0
164 441 1.0
164 863 1.0
165 173 1.0
165 199 1.0
165 207 1.0
165 259 1.0
165 275 1.0
165 325 1.0
165 328 1.0
165 347 1.0
165 392 1.0
165 415 1.0
165 461 1.0
165 515 1.0
165 552 1.0
165 578 1.0
165 589 1.0
165 622 1.0
165 751 1.0
165 892 1.0
165 897 1.0
165 968 1.0
166 182 1.0
166 484 1.0
166 491 1.0
166 497 1.0
166 591 1.0
166 624 1.0
166 637 1.0
166 731 1.0
166 743 1.0
166 983 1.0
166 984 1.0
167 175 1.0
167 176 1.0
167 214 1.0
167 237 1.0
167 247 1.0
167 351 1.0
167 581 1.0
167 733 1.0
168 241 1.0
168 312 1.0
168 368 1.0
168 431 1.0
168 632 1.0
168 813 1.0
169 243 1.0
169 258 1.0
169 302 1.0
169 580 1.0
169 902 1.0
169 915 1.0
170 197 1.0
170 410 1.0
170 796 1.0
170 970 1.0
170 973 1.0
171 469 1.0
171 527 1.0
171 714 1.0
171 831 1.0
172 184 1.0
172 185 1.0
172 198 1.0
172 236 1.0
172 330 1.0
172 335 1.0
172 618 1.0
172 762 1.0
172 835 1.0
173 368 1.0
173 400 1.0
173 465 1.0
173 468 1.0
173 555 1.0
173 934 1.0
173 949 1.0
173 958 1.0
173 995 1.0
174 604 1.0
174 704 1.0
175 189 1.0
175 196 1.0
175 209 1.0
175 212 1.0
175 215 1.0
175 222 1.0
175 233 1.0
175 298 1.0
175 315 1.0
175 360 1.0
175 421 1.0
175 424 1.0
175 502 1.0
175 600 1.0
175 738 1.0
175 898 1.0
176 226 1.0
176 261 1.0
176 317 1.0
176 341 1.0
176 414 1.0
176 573 1.0
176 652 1.0
176 789 1.0
177 342 1.0
177 386 1.0
177 442 1.0
177 813 1.0
177 824 1.0
177 943 1.0
178 183 1.0
178 673 1.0
178 983 1.0
179 227 1.0
179 284 1.0
179 422 1.0
179 480 1.0
179 749 1.0
179 918 1.0
179 952 1.0
179 998 1.0
180 220 1.0
180 244 1.0
180 304 1.0
180 380 1.0
180 432 1.0
180 709 1.0
180 712 1.0
181 355 1.0
181 388 1.0
181 390 1.0
181 582 1.0
181 684 1.0
181 774 1.0
181 970 1.0
182 341 1.0
182 441 1.0
182 501 1.0
182 521 1.0
182 538 1.0
182 541 1.0
182 870 1.0
183 224 1.0
183 273 1.0
183 485 1.0
183 732 1.0
183 905 1.0
184 205 1.0
184 226 1.0
184 244 1.0
184 256 1.0
184 384 1.0
184 478 1.0
184 526 1.0
184 572 1.0
184 597 1.0
184 730 1.0
184 881 1.0
185 194 1.0
185 209 1.0
185 258 1.0
185 681 1.0
185 972 1.0
185 981 1.0
186 347 1.0
186 401 1.0
186 402 1.0
186 414 1.0
186 446 1.0
186 454 1.0
186 557 1.0
186 622 1.0
186 630 1.0
186 657 1.0
186 769 1.0
186 870 1.0
187 348 1.0
187 351 1.0
187 723 1.0
187 791 1.0
187 859 1.0
187 956 1.0
188 235 1.0
188 429 1.0
188 914 1.0
189 241 1.0
189 290 1.0
189 428 1.0
189 629 1.0
190 218 1.0
190 281 1.0
190 496 1.0
190 513 1.0
190 612 1.0
190 653 1.0
190 908 1.0
191 262 1.0
191 303 1.0
191 352 1.0
191 389 1.0
191 706 1.0
191 711 1.0
191 871 1.0
191 877 1.0
191 937 1.0
192 196 1.0
192 548 1.0
192 611 1.0
192 631 1.0
192 720 1.0
192 725 1.0
192 839 1.0
192 885 1.0
192 894 1.0
192 906 1.0
192 912 1.0
192 976 1.0
193 340 1.0
193 399 1.0
193 403 1.0
193 688 1.0
193 805 1.0
193 955 1.0
193 990 1.0
193 992 1.0
194 308 1.0
194 757 1.0
194 762 1.0
194 767 1.0
195 281 1.0
195 387 1.0
195 391 1.0
195 453 1.0
195 485 1.0
195 569 1.0
195 861 1.0
196 584 1.0
196 661 1.0
196 700 1.0
196 851 1.0
196 958 1.0
197 221 1.0
197 569 1.0
197 662 1.0
197 684 1.0
197 789 1.0
198 242 1.0
198 329 1.0
198 378 1.0
198 392 1.0
198 455 1.0
198 514 1.0
198 518 1.0
198 784 1.0
198 872 1.0
198 920 1.0
198 939 1.0
198 975 1.0
200 372 1.0
200 481 1.0
200 483 1.0
200 559 1.0
200 652 1.0
200 715 1.0
200 738 1.0
200 751 1.0
200 775 1.0
200 781 1.0
201 293 1.0
201 483 1.0
201 633 1.0
201 754 1.0
201 794 1.0
201 966 1.0
202 203 1.0
202 252 1.0
202 257 1.0
202 263 1.0
202 350 1.0
203 455 1.0
203 506 1.0
203 507 1.0
203 531 1.0
203 570 1.0
203 702 1.0
203 706 1.0
203 739 1.0
203 972 1.0
204 229 1.0
204 584 1.0
204 607 1.0
204 670 1.0
204 726 1.0
204 832 1.0
204 871 1.0
205 327 1.0
205 452 1.0
205 476 1.0
205 555 1.0
205 577 1.0
205 653 1.0
205 821 1.0
206 277 1.0
206 305 1.0
206 348 1.0
206 362 1.0
206 446 1.0
206 472 1.0
206 497 1.0
206 598 1.0
206 774 1.0
206 809 1.0
207 246 1.0
207 424 1.0
207 655 1.0
207 900 1.0
208 265 1.0
208 384 1.0
208 406 1.0
208 472 1.0
208 561 1.0
208 725 1.0
208 781 1.0
208 826 1.0
208 940 1.0
209 669 1.0
209 727 1.0
209 865 1.0
210 323 1.0
210 363 1.0
210 371 1.0
210 470 1.0
211 274 1.0
211 465 1.0
211 812 1.0
211 971 1.0
212 227 1.0
212 240 1.0
212 243 1.0
212 330 1.0
212 396 1.0
212 401 1.0
212 532 1.0
212 543 1.0
212 578 1.0
212 701 1.0
212 765 1.0
212 919 1.0
213 306 1.0
213 551 1.0
213 689 1.0
213 708 1.0
214 274 1.0
214 491 1.0
214 498 1.0
214 499 1.0
214 747 1.0
215 281 1.0
215 1000 1.0
216 232 1.0
216 311 1.0
216 850 1.0
217 287 1.0
217 443 1.0
217 549 1.0
217 722 1.0
217 819 1.0
218 237 1.0
218 304 1.0
218 366 1.0
218 756 1.0
218 770 1.0
218 790 1.0
218 969 1.0
219 256 1.0
219 286 1.0
219 320 1.0
219 339 1.0
219 607 1.0
219 662 1.0
219 852 1.0
219 872 1.0
220 351 1.0
220 393 1.0
221 252 1.0
221 336 1.0
221 338 1.0
221 356 1.0
221 372 1.0
221 703 1.0
221 757 1.0
221 947 1.0
222 518 1.0
223 327 1.0
223 394 1.0
224 286 1.0
224 350 1.0
224 358 1.0
224 419 1.0
224 511 1.0
224 614 1.0
224 703 1.0
224 712 1.0
224 848 1.0
224 926 1.0
225 232 1.0
225 234 1.0
225 267 1.0
225 284 1.0
225 289 1.0
225 292 1.0
225 329 1.0
225 340 1.0
225 349 1.0
225 364 1.0
225 407 1.0
225 471 1.0
225 672 1.0
226 246 1.0
226 433 1.0
226 477 1.0
226 574 1.0
226 668 1.0
226 802 1.0
226 819 1.0
226 822 1.0
226 888 1.0
226 973 1.0
228 307 1.0
228 354 1.0
228 480 1.0
228 682 1.0
228 950 1.0
229 241 1.0
229 344 1.0
229 460 1.0
229 467 1.0
229 540 1.0
229 601 1.0
229 732 1.0
229 739 1.0
229 748 1.0
229 811 1.0
230 300 1.0
230 348 1.0
230 584 1.0
230 596 1.0
230 622 1.0
230 699 1.0
230 859 1.0
230 934 1.0
231 880 1.0
232 299 1.0
232 459 1.0
232 552 1.0
232 613 1.0
232 649 1.0
232 654 1.0
232 675 1.0
232 709 1.0
232 916 1.0
232 918 1.0
233 373 1.0
233 395 1.0
233 460 1.0
233 523 1.0
233 589 1.0
233 907 1.0
235 348 1.0
235 518 1.0
235 615 1.0
236 529 1.0
236 610 1.0
236 695 1.0
236 742 1.0
237 480 1.0
237 505 1.0
237 528 1.0
237 531 1.0
237 569 1.0
237 594 1.0
237 658 1.0
237 773 1.0
237 986 1.0
238 389 1.0
238 488 1.0
238 565 1.0
238 578 1.0
238 761 1.0
239 408 1.0
239 683 1.0
239 752 1.0
239 766 1.0
239 902 1.0
239 904 1.0
240 293 1.0
240 323 1.0
240 360 1.0
240 449 1.0
240 669 1.0
240 757 1.0
240 899 1.0
241 613 1.0
242 321 1.0
242 399 1.0
242 510 1.0
242 632 1.0
243 321 1.0
243 420 1.0
243 924 1.0
243 945 1.0
244 371 1.0
244 458 1.0
244 469 1.0
244 482 1.0
244 603 1.0
244 608 1.0
244 667 1.0
244 745 1.0
244 784 1.0
244 828 1.0
244 839 1.0
244 925 1.0
244 958 1.0
245 399 1.0
245 404 1.0
245 713 1.0
246 426 1.0
246 527 1.0
246 719 1.0
246 837 1.0
247 276 1.0
247 277 1.0
247 294 1.0
247 409 1.0
247 615 1.0
247 618 1.0
247 846 1.0
247 860 1.0
248 255 1.0
248 260 1.0
248 324 1.0
248 591 1.0
248 631 1.0
248 638 1.0
248 755 1.0
248 769 1.0
248 795 1.0
248 937 1.0
248 948 1.0
248 962 1.0
248 990 1.0
249 431 1.0
249 517 1.0
249 777 1.0
249 950 1.0
250 288 1.0
250 374 1.0
250 766 1.0
250 814 1.0
250 922 1.0
251 376 1.0
251 609 1.0
252 621 1.0
253 315 1.0
253 416 1.0
253 583 1.0
253 681 1.0
253 977 1.0
254 260 1.0
254 267 1.0
254 375 1.0
254 400 1.0
254 440 1.0
254 530 1.0
254 964 1.0
255 605 1.0
255 791 1.0
255 847 1.0
255 945 1.0
256 293 1.0
256 357 1.0
257 287 1.0
257 571 1.0
257 810 1.0
258 333 1.0
258 420 1.0
258 831 1.0
259 292 1.0
259 326 1.0
259 336 1.0
259 870 1.0
260 644 1.0
260 659 1.0
260 922 1.0
261 349 1.0
261 380 1.0
261 409 1.0
261 425 1.0
261 494 1.0
261 590 1.0
261 738 1.0
261 767 1.0
262 345 1.0
262 361 1.0
262 412 1.0
262 496 1.0
262 684 1.0
262 799 1.0
263 396 1.0
263 462 1.0
263 611 1.0
264 274 1.0
264 487 1.0
264 508 1.0
264 748 1.0
264 793 1.0
265 513 1.0
265 574 1.0
265 772 1.0
265 933 1.0
266 312 1.0
266 313 1.0
266 336 1.0
266 400 1.0
266 466 1.0
266 524 1.0
266 553 1.0
266 603 1.0
266 656 1.0
266 690 1.0
266 739 1.0
266 843 1.0
266 952 1.0
266 990 1.0
267 798 1.0
268 354 1.0
268 408 1.0
268 479 1.0
268 879 1.0
269 276 1.0
269 300 1.0
269 350 1.0
269 376 1.0
269 393 1.0
269 514 1.0
269 553 1.0
269 686 1.0
269 831 1.0
269 966 1.0
270 317 1.0
270 558 1.0
270 714 1.0
271 312 1.0
271 396 1.0
271 489 1.0
271 496 1.0
271 636 1.0
271 797 1.0
272 273 1.0
272 493 1.0
272 541 1.0
272 931 1.0
273 651 1.0
273 652 1.0
273 658 1.0
274 852 1.0
275 437 1.0
275 678 1.0
276 286 1.0
276 354 1.0
276 398 1.0
276 633 1.0
276 758 1.0
276 843 1.0
276 863 1.0
276 904 1.0
276 962 1.0
276 974 1.0
277 464 1.0
277 638 1.0
277 781 1.0
277 856 1.0
278 280 1.0
279 317 1.0
279 474 1.0
279 768 1.0
280 360 1.0
280 564 1.0
280 732 1.0
281 381 1.0
281 431 1.0
281 432 1.0
281 592 1.0
281 694 1.0
281 730 1.0
281 873 1.0
281 897 1.0
281 987 1.0
282 563 1.0
282 672 1.0
282 751 1.0
282 857 1.0
282 997 1.0
283 816 1.0
284 318 1.0
284 426 1.0
284 533 1.0
284 749 1.0
285 676 1.0
285 741 1.0
285 753 1.0
285 764 1.0
286 343 1.0
286 348 1.0
286 603 1.0
286 733 1.0
286 810 1.0
286 849 1.0
287 573 1.0
287 637 1.0
287 655 1.0
287 829 1.0
287 984 1.0
288 385 1.0
288 752 1.0
288 827 1.0
289 327 1.0
289 372 1.0
289 415 1.0
289 476 1.0
289 561 1.0
289 566 1.0
289 703 1.0
289 968 1.0
290 430 1.0
290 443 1.0
290 530 1.0
290 630 1.0
290 665 1.0
291 919 1.0
292 399 1.0
292 593 1.0
292 657 1.0
292 730 1.0
292 801 1.0
292 812 1.0
292 828 1.0
293 316 1.0
293 354 1.0
293 525 1.0
293 571 1.0
293 594 1.0
293 716 1.0
293 772 1.0
293 908 1.0
293 962 1.0
294 298 1.0
294 369 1.0
294 396 1.0
294 415 1.0
294 420 1.0
294 455 1.0
295 302 1.0
295 549 1.0
295 652 1.0
295 981 1.0
296 449 1.0
298 330 1.0
298 435 1.0
298 492 1.0
298 537 1.0
298 617 1.0
298 992 1.0
300 359 1.0
300 405 1.0
300 412 1.0
300 659 1.0
300 664 1.0
300 707 1.0
300 877 1.0
301 539 1.0
301 563 1.0
301 839 1.0
301 923 1.0
301 952 1.0
301 983 1.0
302 339 1.0
302 384 1.0
302 411 1.0
302 490 1.0
302 595 1.0
302 617 1.0
302 859 1.0
303 516 1.0
303 547 1.0
303 870 1.0
303 918 1.0
303 941 1.0
304 340 1.0
304 403 1.0
304 489 1.0
304 542 1.0
304 556 1.0
304 733 1.0
305 434 1.0
305 522 1.0
305 536 1.0
305 637 1.0
305 666 1.0
305 1000 1.0
306 347 1.0
306 352 1.0
306 395 1.0
306 422 1.0
306 611 1.0
306 626 1.0
306 713 1.0
306 862 1.0
306 920 1.0
307 337 1.0
307 588 1.0
307 663 1.0
308 309 1.0
308 319 1.0
308 556 1.0
308 647 1.0
308 739 1.0
308 757 1.0
308 780 1.0
308 839 1.0
308 870 1.0
309 325 1.0
309 381 1.0
309 495 1.0
309 557 1.0
309 756 1.0
309 979 1.0
310 462 1.0
310 847 1.0
311 388 1.0
311 411 1.0
311 596 1.0
311 633 1.0
311 797 1.0
311 800 1.0
312 338 1.0
312 404 1.0
312 420 1.0
312 457 1.0
312 485 1.0
312 616 1.0
312 625 1.0
312 974 1.0
313 625 1.0
313 762 1.0
313 814 1.0
313 889 1.0
314 912 1.0
314 931 1.0
315 531 1.0
315 533 1.0
315 584 1.0
315 631 1.0
316 711 1.0
317 512 1.0
317 691 1.0
318 473 1.0
318 525 1.0
318 577 1.0
318 889 1.0
319 436 1.0
319 560 1.0
319 765 1.0
319 789 1.0
320 396 1.0
320 641 1.0
321 764 1.0
321 886 1.0
322 402 1.0
322 436 1.0
322 653 1.0
322 843 1.0
323 373 1.0
323 408 1.0
323 422 1.0
323 559 1.0
323 807 1.0
323 809 1.0
324 827 1.0
324 893 1.0
325 620 1.0
326 674 1.0
327 338 1.0
327 534 1.0
327 604 1.0
327 650 1.0
328 430 1.0
329 794 1.0
330 361 1.0
330 372 1.0
330 405 1.0
330 485 1.0
330 587 1.0
330 620 1.0
330 881 1.0
330 920 1.0
331 370 1.0
331 598 1.0
331 950 1.0
331 977 1.0
332 408 1.0
332 803 1.0
333 689 1.0
334 339 1.0
334 343 1.0
334 444 1.0
335 541 1.0
335 572 1.0
335 580 1.0
335 626 1.0
335 752 1.0
335 759 1.0
335 917 1.0
336 423 1.0
336 441 1.0
336 443 1.0
336 460 1.0
336 658 1.0
336 672 1.0
336 780 1.0
336 823 1.0
336 895 1.0
337 400 1.0
337 492 1.0
337 863 1.0
338 831 1.0
338 969 1.0
339 635 1.0
339 746 1.0
339 881 1.0
340 568 1.0
340 616 1.0
340 703 1.0
340 780 1.0
340 910 1.0
341 576 1.0
342 425 1.0
342 689 1.0
342 850 1.0
343 397 1.0
343 467 1.0
343 555 1.0
343 577 1.0
343 599 1.0
343 645 1.0
343 817 1.0
343 972 1.0
344 368 1.0
344 394 1.0
344 395 1.0
344 441 1.0
344 504 1.0
344 753 1.0
345 406 1.0
347 365 1.0
347 500 1.0
347 575 1.0
347 710 1.0
347 824 1.0
348 418 1.0
348 835 1.0
348 979 1.0
349 407 1.0
349 557 1.0
349 660 1.0
349 683 1.0
349 833 1.0
349 852 1.0
349 947 1.0
349 996 1.0
350 368 1.0
350 860 1.0
351 429 1.0
351 475 1.0
351 732 1.0
351 780 1.0
351 824 1.0
351 961 1.0
351 1000 1.0
352 570 1.0
352 620 1.0
352 760 1.0
352 936 1.0
352 980 1.0
353 424 1.0
353 538 1.0
353 759 1.0
353 778 1.0
353 903 1.0
354 621 1.0
355 548 1.0
355 562 1.0
355 948 1.0
357 726 1.0
357 889 1.0
358 617 1.0
359 429 1.0
360 448 1.0
360 489 1.0
360 521 1.0
360 904 1.0
360 991 1.0
361 416 1.0
361 421 1.0
361 431 1.0
361 436 1.0
361 527 1.0
361 639 1.0
361 894 1.0
363 911 1.0
363 980 1.0
364 465 1.0
364 480 1.0
364 507 1.0
364 718 1.0
364 939 1.0
366 419 1.0
366 586 1.0
367 464 1.0
367 543 1.0
367 587 1.0
367 681 1.0
368 479 1.0
368 524 1.0
368 574 1.0
368 740 1.0
368 761 1.0
369 371 1.0
369 385 1.0
369 401 1.0
369 462 1.0
369 555 1.0
369 638 1.0
369 706 1.0
369 759 1.0
369 782 1.0
369 800 1.0
369 816 1.0
369 964 1.0
370 983 1.0
371 527 1.0
371 684 1.0
371 703 1.0
372 822 1.0
372 869 1.0
373 563 1.0
374 590 1.0
374 687 1.0
375 392 1.0
375 463 1.0
376 532 1.0
376 579 1.0
376 598 1.0
376 911 1.0
377 449 1.0
377 473 1.0
377 657 1.0
377 718 1.0
379 469 1.0
379 549 1.0
380 596 1.0
381 573 1.0
381 754 1.0
382 585 1.0
383 476 1.0
383 593 1.0
383 610 1.0
383 617 1.0
383 788 1.0
383 917 1.0
384 445 1.0
385 507 1.0
385 656 1.0
385 661 1.0
386 650 1.0
386 667 1.0
387 482 1.0
387 651 1.0
388 413 1.0
389 407 1.0
389 425 1.0
389 514 1.0
389 628 1.0
390 426 1.0
390 523 1.0
390 840 1.0
391 600 1.0
392 639 1.0
392 735 1.0
392 963 1.0
393 938 1.0
394 650 1.0
394 894 1.0
394 936 1.0
394 993 1.0
395 622 1.0
395 789 1.0
395 956 1.0
396 473 1.0
396 522 1.0
396 603 1.0
396 690 1.0
396 744 1.0
397 449 1.0
397 475 1.0
397 581 1.0
398 575 1.0
399 743 1.0
399 959 1.0
400 701 1.0
400 927 1.0
401 483 1.0
401 499 1.0
401 580 1.0
401 671 1.0
401 683 1.0
401 945 1.0
401 983 1.0
402 453 1.0
402 511 1.0
402 593 1.0
402 686 1.0
402 705 1.0
402 708 1.0
403 422 1.0
403 495 1.0
403 561 1.0
403 656 1.0
403 933 1.0
404 599 1.0
404 629 1.0
404 634 1.0
404 727 1.0
404 869 1.0
404 962 1.0
405 620 1.0
406 890 1.0
407 844 1.0
408 438 1.0
408 467 1.0
408 494 1.0
408 536 1.0
408 735 1.0
408 761 1.0
408 769 1.0
408 778 1.0
408 997 1.0
409 853 1.0
410 619 1.0
410 807 1.0
411 804 1.0
412 663 1.0
414 725 1.0
414 823 1.0
414 856 1.0
414 955 1.0
414 957 1.0
415 655 1.0
415 669 1.0
415 721 1.0
416 641 1.0
417 836 1.0
417 866 1.0
418 619 1.0
418 640 1.0
418 654 1.0
420 457 1.0
420 550 1.0
420 560 1.0
420 717 1.0
420 821 1.0
420 988 1.0
421 535 1.0
422 702 1.0
422 849 1.0
423 434 1.0
423 563 1.0
423 565 1.0
424 599 1.0
424 787 1.0
424 820 1.0
424 827 1.0
426 699 1.0
427 668 1.0
428 443 1.0
429 842 1.0
430 576 1.0
431 452 1.0
431 739 1.0
431 790 1.0
431 844 1.0
432 700 1.0
432 966 1.0
433 445 1.0
433 509 1.0
434 462 1.0
434 516 1.0
434 817 1.0
434 905 1.0
435 548 1.0
435 856 1.0
436 493 1.0
436 567 1.0
436 921 1.0
437 505 1.0
437 551 1.0
437 699 1.0
438 457 1.0
438 760 1.0
438 831 1.0
438 840 1.0
439 548 1.0
439 999 1.0
440 450 1.0
440 643 1.0
440 693 1.0
440 729 1.0
440 967 1.0
441 452 1.0
441 472 1.0
441 479 1.0
441 696 1.0
442 763 1.0
442 947 1.0
443 515 1.0
443 648 1.0
444 646 1.0
444 654 1.0
444 676 1.0
444 946 1.0
445 468 1.0
445 501 1.0
445 502 1.0
445 540 1.0
445 747 1.0
445 934 1.0
447 478 1.0
447 793 1.0
447 804 1.0
447 838 1.0
447 889 1.0
447 925 1.0
448 846 1.0
448 968 1.0
449 502 1.0
449 564 1.0
449 597 1.0
450 768 1.0
451 613 1.0
451 617 1.0
452 526 1.0
452 741 1.0
453 633 1.0
453 670 1.0
454 594 1.0
454 727 1.0
454 957 1.0
455 505 1.0
455 610 1.0
455 901 1.0
456 602 1.0
456 773 1.0
456 901 1.0
457 747 1.0
458 570 1.0
458 668 1.0
459 835 1.0
460 562 1.0
460 632 1.0
460 743 1.0
460 872 1.0
461 532 1.0
461 873 1.0
461 898 1.0
462 546 1.0
462 646 1.0
463 523 1.0
463 756 1.0
463 977 1.0
464 519 1.0
464 637 1.0
464 683 1.0
464 795 1.0
464 809 1.0
464 887 1.0
464 926 1.0
464 994 1.0
466 586 1.0
466 624 1.0
467 476 1.0
467 857 1.0
467 930 1.0
468 639 1.0
468 818 1.0
468 927 1.0
469 748 1.0
469 803 1.0
470 540 1.0
470 677 1.0
470 694 1.0
470 849 1.0
470 919 1.0
470 964 1.0
471 574 1.0
471 603 1.0
471 943 1.0
471 981 1.0
472 812 1.0
472 960 1.0
473 955 1.0
474 565 1.0
474 675 1.0
474 679 1.0
475 644 1.0
475 709 1.0
475 719 1.0
475 723 1.0
475 736 1.0
476 583 1.0
476 985 1.0
477 537 1.0
477 556 1.0
477 563 1.0
477 711 1.0
477 754 1.0
478 524 1.0
478 817 1.0
478 970 1.0
480 530 1.0
480 616 1.0
480 726 1.0
481 512 1.0
481 969 1.0
482 510 1.0
482 719 1.0
483 857 1.0
483 956 1.0
484 767 1.0
485 648 1.0
485 672 1.0
486 534 1.0
486 627 1.0
486 650 1.0
486 674 1.0
487 554 1.0
487 815 1.0
487 923 1.0
487 949 1.0
488 891 1.0
489 567 1.0
489 812 1.0
491 511 1.0
491 679 1.0
491 868 1.0
492 586 1.0
492 811 1.0
493 551 1.0
493 566 1.0
493 722 1.0
495 557 1.0
495 621 1.0
495 721 1.0
495 775 1.0
495 867 1.0
496 542 1.0
496 586 1.0
496 728 1.0
496 898 1.0
497 559 1.0
497 990 1.0
498 514 1.0
498 554 1.0
498 643 1.0
499 562 1.0
500 640 1.0
500 788 1.0
501 651 1.0
503 520 1.0
503 525 1.0
503 564 1.0
503 580 1.0
503 781 1.0
503 787 1.0
504 679 1.0
504 907 1.0
504 963 1.0
505 538 1.0
505 554 1.0
506 816 1.0
506 852 1.0
507 630 1.0
508 519 1.0
509 801 1.0
510 790 1.0
514 532 1.0
514 700 1.0
514 909 1.0
514 933 1.0
515 718 1.0
515 765 1.0
516 557 1.0
516 630 1.0
516 738 1.0
516 878 1.0
516 967 1.0
516 979 1.0
517 821 1.0
517 829 1.0
517 984 1.0
521 529 1.0
522 987 1.0
523 777 1.0
524 663 1.0
524 813 1.0
526 582 1.0
526 708 1.0
526 713 1.0
526 921 1.0
526 957 1.0
527 582 1.0
527 875 1.0
527 915 1.0
529 560 1.0
529 752 1.0
529 860 1.0
530 729 1.0
531 588 1.0
533 924 1.0
535 546 1.0
535 582 1.0
535 599 1.0
535 965 1.0
536 592 1.0
536 873 1.0
537 657 1.0
537 724 1.0
537 855 1.0
537 957 1.0
538 671 1.0
538 724 1.0
538 755 1.0
538 878 1.0
538 999 1.0
539 662 1.0
540 636 1.0
540 704 1.0
540 755 1.0
540 861 1.0
540 897 1.0
540 942 1.0
541 977 1.0
542 747 1.0
542 895 1.0
543 550 1.0
543 767 1.0
544 580 1.0
545 724 1.0
545 742 1.0
548 803 1.0
549 582 1.0
549 720 1.0
550 682 1.0
550 862 1.0
551 554 1.0
551 609 1.0
551 688 1.0
551 796 1.0
551 879 1.0
551 951 1.0
551 959 1.0
553 915 1.0
553 953 1.0
554 628 1.0
554 636 1.0
554 843 1.0
555 711 1.0
555 988 1.0
556 623 1.0
556 636 1.0
557 944 1.0
558 644 1.0
559 593 1.0
559 842 1.0
560 687 1.0
560 808 1.0
560 996 1.0
563 589 1.0
566 900 1.0
567 997 1.0
568 761 1.0
569 596 1.0
570 911 1.0
570 978 1.0
571 760 1.0
571 766 1.0
572 608 1.0
573 749 1.0
573 783 1.0
573 921 1.0
576 717 1.0
576 991 1.0
577 649 1.0
577 941 1.0
578 750 1.0
579 640 1.0
579 886 1.0
580 765 1.0
580 779 1.0
580 864 1.0
581 793 1.0
581 873 1.0
581 978 1.0
582 858 1.0
583 696 1.0
585 668 1.0
585 875 1.0
586 970 1.0
588 737 1.0
590 692 1.0
591 935 1.0
592 924 1.0
594 695 1.0
594 735 1.0
595 876 1.0
596 976 1.0
597 620 1.0
598 634 1.0
600 785 1.0
601 846 1.0
601 862 1.0
602 608 1.0
602 705 1.0
602 710 1.0
603 670 1.0
603 678 1.0
603 769 1.0
603 811 1.0
604 989 1.0
605 999 1.0
606 663 1.0
606 825 1.0
607 662 1.0
608 618 1.0
608 671 1.0
608 801 1.0
610 642 1.0
611 680 1.0
613 903 1.0
614 772 1.0
614 914 1.0
616 728 1.0
616 746 1.0
617 710 1.0
617 723 1.0
617 999 1.0
619 886 1.0
619 906 1.0
620 676 1.0
620 769 1.0
620 781 1.0
620 931 1.0
623 801 1.0
624 774 1.0
624 823 1.0
625 651 1.0
626 728 1.0
627 780 1.0
628 702 1.0
629 808 1.0
630 911 1.0
630 949 1.0
633 869 1.0
636 641 1.0
639 797 1.0
640 743 1.0
640 751 1.0
640 770 1.0
641 768 1.0
642 896 1.0
642 967 1.0
643 742 1.0
643 901 1.0
646 741 1.0
646 882 1.0
646 907 1.0
648 749 1.0
648 763 1.0
649 787 1.0
650 887 1.0
651 686 1.0
651 724 1.0
651 768 1.0
651 909 1.0
651 955 1.0
653 811 1.0
654 947 1.0
655 678 1.0
655 843 1.0
656 846 1.0
656 963 1.0
657 687 1.0
657 750 1.0
657 982 1.0
658 732 1.0
658 837 1.0
658 943 1.0
659 664 1.0
660 726 1.0
661 794 1.0
665 680 1.0
666 817 1.0
668 830 1.0
668 902 1.0
668 975 1.0
669 857 1.0
670 825 1.0
670 968 1.0
671 752 1.0
671 855 1.0
672 778 1.0
672 960 1.0
673 905 1.0
674 699 1.0
674 750 1.0
674 764 1.0
674 860 1.0
675 832 1.0
675 858 1.0
677 687 1.0
677 902 1.0
677 912 1.0
678 753 1.0
678 771 1.0
678 807 1.0
678 848 1.0
678 935 1.0
680 751 1.0
680 899 1.0
682 847 1.0
682 892 1.0
683 711 1.0
683 764 1.0
683 782 1.0
683 868 1.0
683 909 1.0
683 956 1.0
684 782 1.0
684 991 1.0
689 693 1.0
690 794 1.0
693 912 1.0
694 894 1.0
694 922 1.0
694 936 1.0
695 914 1.0
697 736 1.0
699 788 1.0
699 960 1.0
700 825 1.0
701 749 1.0
701 901 1.0
702 768 1.0
702 925 1.0
704 708 1.0
705 821 1.0
706 837 1.0
706 973 1.0
707 969 1.0
708 907 1.0
710 770 1.0
710 906 1.0
710 975 1.0
711 845 1.0
711 854 1.0
711 994 1.0
713 928 1.0
715 744 1.0
715 867 1.0
716 802 1.0
716 986 1.0
719 853 1.0
720 792 1.0
721 734 1.0
722 882 1.0
725 750 1.0
725 838 1.0
726 776 1.0
729 775 1.0
729 988 1.0
733 834 1.0
733 951 1.0
736 887 1.0
737 910 1.0
737 939 1.0
738 963 1.0
739 783 1.0
739 885 1.0
741 931 1.0
743 805 1.0
743 868 1.0
744 776 1.0
745 912 1.0
746 866 1.0
749 942 1.0
750 854 1.0
750 989 1.0
750 998 1.0
753 879 1.0
754 820 1.0
755 830 1.0
758 832 1.0
758 873 1.0
758 948 1.0
759 886 1.0
762 908 1.0
763 817 1.0
763 861 1.0
763 994 1.0
764 774 1.0
772 825 1.0
772 991 1.0
775 808 1.0
775 851 1.0
775 987 1.0
777 820 1.0
778 820 1.0
778 989 1.0
779 925 1.0
782 992 1.0
783 799 1.0
784 962 1.0
785 875 1.0
787 993 1.0
789 826 1.0
793 861 1.0
793 874 1.0
794 932 1.0
798 900 1.0
802 935 1.0
802 992 1.0
802 1000 1.0
805 849 1.0
805 927 1.0
805 980 1.0
810 816 1.0
810 906 1.0
811 998 1.0
820 965 1.0
821 982 1.0
822 855 1.0
822 953 1.0
823 852 1.0
824 848 1.0
829 923 1.0
831 883 1.0
831 888 1.0
833 867 1.0
834 981 1.0
835 945 1.0
837 942 1.0
837 972 1.0
838 868 1.0
838 949 1.0
839 904 1.0
840 841 1.0
841 878 1.0
846 903 1.0
847 884 1.0
847 929 1.0
848 913 1.0
855 875 1.0
855 945 1.0
857 950 1.0
860 883 1.0
863 985 1.0
866 907 1.0
880 975 1.0
883 926 1.0
883 966 1.0
902 929 1.0
906 921 1.0
911 940 1.0
916 977 1.0
916 988 1.0
918 930 1.0
919 946 1.0
925 944 1.0
927 936 1.0
940 993 1.0
955 994 1.0
965 971 1.0
971 984 1.0
973 987 1.0
